0
5.024e-05
0.00010048
0.00015073
0.00020099
0.00045232
0.00070376
0.00095532
0.001207
0.0024669
0.0037296
0.0049949
0.0062629
0.012641
0.01908
0.025577
0.032126
0.050913
0.07005
0.08949
0.10908
0.13013
0.15043
0.16948
0.18686
0.21069
0.22736
0.23567
0.23484
0.22273
0.1989
0.16406
0.11968
0.064881
0.0046212
-0.057822
-0.11887
-0.17018
-0.21468
-0.24999
-0.27417
-0.28541
-0.28425
-0.27122
-0.24776
-0.21434
-0.17349
-0.12719
-0.077263
-0.030988
0.015685
0.061807
0.10669
0.13952
0.17126
0.20182
0.23078
0.25728
0.28022
0.29873
0.31207
0.32086
0.3183
0.30388
0.27766
0.23477
0.17921
0.11321
0.039727
-0.040615
-0.1211
-0.19742
-0.26536
-0.31688
-0.35532
-0.37892
-0.3873
-0.38108
-0.36187
-0.3321
-0.29433
-0.26549
-0.23508
-0.20396
-0.17294
-0.14279
-0.11371
-0.085605
-0.058413
-0.03466
-0.011709
0.010306
0.031235
0.052715
0.072391
0.089979
0.10522
0.12002
0.13073
0.13705
0.1388
0.13528
0.126
0.11124
0.091501
0.063874
0.031991
-0.0026395
-0.038286
-0.069556
-0.098861
-0.12493
-0.14662
-0.16348
-0.17357
-0.17621
-0.17113
-0.15813
-0.13755
-0.11009
-0.076806
-0.032046
0.016261
0.065223
0.11176
0.14906
0.17985
0.20235
0.21518
0.2179
0.2149
0.20611
0.19165
0.17193
0.14756
0.11913
0.087227
0.055949
0.022719
-0.011874
-0.047068
-0.082045
-0.11605
-0.14831
-0.17808
-0.21371
-0.24167
-0.26054
-0.26934
-0.26704
-0.25252
-0.22605
-0.18851
-0.13714
-0.076846
-0.010521
0.058465
0.12882
0.19407
0.2503
0.29406
0.32017
0.33231
0.33052
0.31611
0.292
0.25962
0.2209
0.17774
0.13459
0.090688
0.047445
0.0060485
-0.034246
-0.070417
-0.10174
-0.12782
-0.14988
-0.16573
-0.17574
-0.18058
-0.18126
-0.1794
-0.17575
-0.17114
-0.16772
-0.16427
-0.16046
-0.15588
-0.15014
-0.14298
-0.13423
-0.12381
-0.10625
-0.085506
-0.061965
-0.036204
-0.0053887
0.025998
0.056557
0.084876
0.1068
0.12503
0.13877
0.14743
0.15059
0.14722
0.13729
0.12107
0.097531
0.06846
0.035093
-0.001031
-0.035076
-0.06861
-0.10023
-0.12859
-0.15301
-0.17145
-0.18291
-0.18672
-0.1824
-0.16971
-0.14893
-0.12082
-0.082602
-0.038612
0.008946
0.057545
0.10711
0.15173
0.18847
0.21485
0.22533
0.23042
0.22986
0.22356
0.21164
0.19452
0.17274
0.14685
0.11605
0.082022
0.045368
0.0067301
-0.02114
-0.04945
-0.077819
-0.10584
-0.1331
-0.1592
-0.18374
-0.20636
-0.24084
-0.2664
-0.28163
-0.28558
-0.27708
-0.2555
-0.2214
-0.17601
-0.11516
-0.04586
0.028305
0.10328
0.17472
0.23858
0.29096
0.32861
0.34787
0.35276
0.34407
0.32366
0.29934
0.26958
0.2357
0.19897
0.15772
0.11618
0.075764
0.037702
-3.1289e-06
-0.032378
-0.058467
-0.077646
-0.089168
-0.094025
-0.092541
-0.085234
-0.073443
-0.057556
-0.038274
-0.016429
0.0096573
0.036533
0.062907
0.087488
0.1107
0.12896
0.14108
0.14624
0.14429
0.13561
0.12035
0.099061
0.070305
0.036845
0.00031125
-0.0374
-0.077664
-0.11425
-0.14464
-0.16667
-0.17754
-0.18043
-0.17493
-0.16109
-0.13955
-0.11097
-0.07641
-0.037324
0.0012724
0.040849
0.079887
0.11686
0.14863
0.176
0.19785
0.21333
0.22227
0.22157
0.21094
0.19061
0.15999
0.12078
0.074579
0.023413
-0.036508
-0.09623
-0.15221
-0.20103
-0.22881
-0.25079
-0.26621
-0.2745
-0.27531
-0.26879
-0.25542
-0.23593
-0.20949
-0.17805
-0.1426
-0.1041
-0.060586
-0.015705
0.029606
0.074608
0.10961
0.14387
0.17725
0.20927
0.23901
0.26534
0.28735
0.30423
0.31781
0.31956
0.30881
0.28548
0.24513
0.19112
0.12568
0.051838
-0.028552
-0.10978
-0.18747
-0.25733
-0.31102
-0.35186
-0.37787
-0.3884
-0.38463
-0.36883
-0.34299
-0.30927
-0.273
-0.23382
-0.19357
-0.15397
-0.11567
-0.079032
-0.043936
-0.010401
0.016058
0.04088
0.063713
0.08421
0.10222
0.1171
0.12852
0.13623
0.14032
0.13883
0.13176
0.11932
0.10008
0.075648
0.046974
0.015272
-0.018036
-0.051548
-0.083765
-0.11322
-0.13855
-0.15844
-0.17182
-0.17792
-0.17626
-0.16659
-0.14907
-0.12429
-0.090305
-0.05044
-0.0066022
0.038978
0.087404
0.13202
0.1699
0.19851
0.21419
0.22033
0.21633
0.20213
0.18109
0.15317
0.11929
0.080486
0.03453
-0.01457
-0.064917
-0.11422
-0.15183
-0.18607
-0.21584
-0.2402
-0.2617
-0.27233
-0.27123
-0.25817
-0.23282
-0.19605
-0.14917
-0.094077
-0.025688
0.046378
0.11815
0.1855
0.23984
0.28427
0.3163
0.33411
0.33754
0.33146
0.31682
0.29475
0.26249
0.22422
0.18184
0.13714
0.093906
0.051532
0.01126
-0.025901
-0.05993
-0.089118
-0.11299
-0.13135
-0.14562
-0.15292
-0.15383
-0.14918
-0.14094
-0.12978
-0.11662
-0.10238
-0.087317
-0.073129
-0.060799
-0.051189
-0.047148
-0.044451
-0.042988
-0.042486
-0.042642
-0.043276
-0.044203
-0.045251
-0.046578
-0.047563
-0.047967
-0.047592
-0.045891
-0.042703
-0.037989
-0.031802
-0.021922
-0.010382
0.002141
0.014838
0.025598
0.035172
0.042978
0.048533
0.051259
0.051765
0.049959
0.045868
0.039473
0.031055
0.020938
0.0095477
-0.0061378
-0.021942
-0.036671
-0.049157
-0.056986
-0.062115
-0.064186
-0.063014
-0.058966
-0.052149
-0.042777
-0.031209
-0.015418
0.0018696
0.019641
0.036798
0.050967
0.06293
0.071991
0.077607
0.079405
0.077661
0.072338
0.063588
0.05109
0.035677
0.018011
-0.0010898
-0.022797
-0.043839
-0.062914
-0.078808
-0.089321
-0.095926
-0.098179
-0.095868
-0.08918
-0.078267
-0.06348
-0.045394
-0.020717
0.006118
0.033504
0.059714
0.080949
0.09864
0.11174
0.11946
0.12133
0.11777
0.10875
0.094559
0.074528
0.050129
0.022436
-0.0072421
-0.036529
-0.064944
-0.091116
-0.11375
-0.13129
-0.14343
-0.14947
-0.14899
-0.14179
-0.12797
-0.10792
-0.082401
-0.047888
-0.0094092
0.030928
0.070787
0.10644
0.1374
0.1618
0.17814
0.18508
0.1838
0.17409
0.15618
0.12984
0.096461
0.057405
0.014408
-0.024578
-0.063673
-0.10146
-0.13656
-0.16833
-0.19453
-0.21399
-0.22582
-0.22931
-0.22259
-0.20563
-0.17894
-0.14113
-0.09504
-0.042706
0.013397
0.075135
0.13446
0.18779
0.23181
0.2544
0.27091
0.28077
0.28359
0.27937
0.26864
0.25202
0.2302
0.1956
0.1552
0.1106
0.063269
0.014547
-0.0343
-0.082261
-0.12864
-0.16025
-0.19076
-0.21981
-0.24672
-0.27055
-0.29043
-0.30562
-0.3155
-0.31956
-0.31146
-0.29089
-0.2582
-0.2087
-0.14727
-0.076559
9.853e-05
0.080789
0.15947
0.23183
0.29379
0.3381
0.36824
0.38325
0.38361
0.37269
0.35261
0.32503
0.29166
0.26439
0.23568
0.20625
0.1768
0.14804
0.12035
0.09374
0.068072
0.044085
0.020933
-0.0012786
-0.02242
-0.044354
-0.0645
-0.082577
-0.098321
-0.11321
-0.12432
-0.13136
-0.13416
-0.13211
-0.12453
-0.11162
-0.09382
-0.068639
-0.039143
-0.0066784
0.027191
0.058412
0.088048
0.11478
0.13738
0.15512
0.16646
0.17068
0.16743
0.15652
0.13818
0.11299
0.081932
0.039803
-0.0062361
-0.053483
-0.099016
-0.13648
-0.16804
-0.19184
-0.20649
-0.211
-0.20609
-0.19168
-0.16819
-0.14198
-0.11077
-0.075269
-0.0364
0.004975
0.047271
0.089108
0.1291
0.16287
0.19295
0.21843
0.23852
0.2552
0.26114
0.25574
0.23895
0.21056
0.1717
0.1238
0.068835
0.0016346
-0.067839
-0.13568
-0.19792
-0.2354
-0.26732
-0.2927
-0.31071
-0.32074
-0.32267
-0.31687
-0.30406
-0.28441
-0.25914
-0.22927
-0.1958
-0.1557
-0.11379
-0.071368
-0.029552
0.010538
0.048181
0.082695
0.11362
0.14341
0.16828
0.18835
0.20402
0.21577
0.22462
0.23103
0.23442
0.23377
0.22882
0.21899
0.20395
0.18186
0.15394
0.12074
0.083098
0.034686
-0.016279
-0.067489
-0.11653
-0.15654
-0.1912
-0.21897
-0.23864
-0.24941
-0.24952
-0.23902
-0.21866
-0.1899
-0.15411
-0.11272
-0.067104
-0.03301
0.0021307
0.037945
0.074124
0.11037
0.14595
0.17995
0.21148
0.23483
0.2555
0.27311
0.28731
0.30359
0.30617
0.29432
0.26816
0.22816
0.1759
0.11349
0.043687
-0.035053
-0.11429
-0.18967
-0.2569
-0.30783
-0.34585
-0.3691
-0.37707
-0.37083
-0.35245
-0.32405
-0.28789
-0.25062
-0.21079
-0.17014
-0.13029
-0.11463
-0.09944
-0.084757
-0.070566
-0.056831
-0.043545
-0.030699
-0.018292
0.0041537
0.024891
0.043784
0.060692
0.075515
0.087988
0.097945
0.10526
0.11046
0.11147
0.10828
0.10101
0.088652
0.072118
0.052005
0.02909
0.00043477
-0.029254
-0.058405
-0.085423
-0.10775
-0.12557
-0.13785
-0.14386
-0.14328
-0.13619
-0.12269
-0.10323
-0.076452
-0.044811
-0.0097946
0.026841
0.067211
0.10458
0.13639
0.1604
0.17331
0.17843
0.17527
0.16376
0.14468
0.1185
0.086158
0.04897
0.010705
-0.029036
-0.068683
-0.10663
-0.13841
-0.16631
-0.18927
-0.20642
-0.21804
-0.22033
-0.2129
-0.19583
-0.16881
-0.1331
-0.090074
-0.041566
0.017096
0.076672
0.13366
0.1846
0.22244
0.25076
0.26787
0.27268
0.26532
0.24714
0.21959
0.18424
0.14421
0.099934
0.052843
0.0041776
-0.034191
-0.0724
-0.11009
-0.14703
-0.18297
-0.21695
-0.24775
-0.27423
-0.29304
-0.30715
-0.31609
-0.3195
-0.3132
-0.2924
-0.25742
-0.20944
-0.14565
-0.072036
0.0077809
0.089614
0.16881
0.24115
0.30245
0.34905
0.37625
0.38807
0.38515
0.36941
0.34853
0.32174
0.29042
0.25593
0.21645
0.17664
0.1379
0.10096
0.066412
0.033328
0.0019151
-0.027553
-0.050579
-0.071576
-0.090211
-0.10618
-0.12056
-0.13087
-0.13679
-0.13819
-0.13429
-0.12466
-0.10958
-0.08958
-0.06166
-0.029567
0.0051679
0.040795
0.071843
0.10083
0.12649
0.1477
0.164
0.1735
0.17553
0.16983
0.15625
0.13517
0.10728
0.073689
0.028756
-0.01952
-0.068243
-0.11434
-0.15102
-0.18111
-0.20286
-0.21495
-0.21716
-0.21359
-0.2042
-0.18912
-0.16879
-0.14382
-0.1148
-0.082341
-0.055214
-0.026628
0.0030297
0.033267
0.063562
0.093429
0.12237
0.1499
0.1882
0.22051
0.24541
0.26178
0.26898
0.26426
0.24742
0.21892
0.17775
0.12656
0.067531
0.0033642
-0.067919
-0.13761
-0.20166
-0.25628
-0.29458
-0.32021
-0.33198
-0.32994
-0.31763
-0.29682
-0.26888
-0.23525
-0.19737
-0.15677
-0.11489
-0.073021
-0.030917
0.0087156
0.044888
0.076873
0.10285
0.12431
0.14112
0.15336
0.16214
0.16546
0.16406
0.15886
0.15187
0.14349
0.13455
0.12589
0.12018
0.11517
0.11056
0.10597
0.101
0.095441
0.089103
0.081868
0.07034
0.05703
0.04212
0.025903
0.007876
-0.010506
-0.028562
-0.045594
-0.059331
-0.07121
-0.080793
-0.087722
-0.091953
-0.092346
-0.088776
-0.081311
-0.069568
-0.054223
-0.035873
-0.0153
0.0090909
0.033756
0.057288
0.0783
0.094099
0.1059
0.11302
0.11499
0.11175
0.10337
0.09005
0.072282
0.048149
0.020553
-0.0090995
-0.039207
-0.070371
-0.098001
-0.12015
-0.13521
-0.1415
-0.1414
-0.13469
-0.12152
-0.10211
-0.07728
-0.048021
-0.015607
0.017361
0.050495
0.082331
0.11143
0.13633
0.15594
0.16922
0.17543
0.17409
0.16485
0.14788
0.12374
0.090533
0.05149
0.008457
-0.036386
-0.084341
-0.12864
-0.16639
-0.19505
-0.21091
-0.21738
-0.21384
-0.20021
-0.17752
-0.14659
-0.10849
-0.064521
-0.050687
-0.036514
-0.022052
-0.0073571
0.007512
0.022498
0.03754
0.052581
0.081772
0.11027
0.13764
0.16343
0.2006
0.23103
0.25332
0.26642
0.26942
0.26032
0.23913
0.20649
0.1607
0.10531
0.042807
-0.023819
-0.095171
-0.16337
-0.22442
-0.27462
-0.30779
-0.32764
-0.33353
-0.3261
-0.30921
-0.2841
-0.2523
-0.21537
-0.17487
-0.13241
-0.089461
-0.047352
-0.0040532
0.035601
0.07058
0.10021
0.12315
0.14066
0.15279
0.15983
0.1622
0.15998
0.15401
0.14527
0.13616
0.12646
0.11692
0.10825
0.10202
0.096737
0.09194
0.08719
0.082089
0.076366
0.069844
0.06241
0.052107
0.040493
0.027764
0.014195
-0.00051335
-0.015236
-0.029433
-0.042568
-0.05327
-0.062224
-0.069081
-0.07357
-0.075537
-0.074281
-0.069763
-0.062106
-0.050807
-0.036692
-0.02035
-0.0025196
0.018529
0.039131
0.05798
0.07384
0.08438
0.091196
0.093834
0.092064
0.086097
0.076066
0.062291
0.0453
0.022169
-0.0031277
-0.029108
-0.054166
-0.074818
-0.092231
-0.10539
-0.11351
-0.11605
-0.11341
-0.10554
-0.092676
-0.074319
-0.051711
-0.025824
0.0021395
0.030646
0.0585
0.084314
0.10677
0.12406
0.13625
0.14261
0.14272
0.13641
0.12375
0.1051
0.081141
0.048737
0.012428
-0.025828
-0.063849
-0.098857
-0.12939
-0.15357
-0.16986
-0.17681
-0.1759
-0.1669
-0.15002
-0.12514
-0.093513
-0.056426
-0.015517
0.022465
0.060595
0.097437
0.13158
0.16244
0.18765
0.20604
0.21672
0.21897
0.21142
0.1941
0.16755
0.13024
0.085142
0.034278
-0.019912
-0.079099
-0.13552
-0.18572
-0.22655
-0.24623
-0.26049
-0.26887
-0.27106
-0.26699
-0.25704
-0.24173
-0.2216
-0.18773
-0.1477
-0.10311
-0.055398
-0.0087507
0.038477
0.085456
0.13161
0.14777
0.16376
0.17951
0.1949
0.20982
0.22416
0.23783
0.25071
0.27891
0.30041
0.31415
0.31936
0.31306
0.29206
0.2567
0.2082
0.144
0.07001
-0.010117
-0.092153
-0.17129
-0.24343
-0.30439
-0.35054
-0.37724
-0.38857
-0.38523
-0.36913
-0.34789
-0.32076
-0.28911
-0.25435
-0.21457
-0.17455
-0.13564
-0.098486
-0.063139
-0.029298
0.0027729
0.032756
0.055501
0.07616
0.094398
0.10991
0.12387
0.13358
0.13875
0.13923
0.1342
0.12339
0.10712
0.085959
0.056588
0.023184
-0.012609
-0.04894
-0.079626
-0.10797
-0.13274
-0.15287
-0.16801
-0.17612
-0.17662
-0.16929
-0.15403
-0.13131
-0.1019
-0.066995
-0.020991
0.027891
0.076711
0.1224
0.15815
0.18703
0.20734
0.21786
0.2189
0.2142
0.20379
0.18785
0.16683
0.14138
0.11208
0.079497
0.050592
0.020146
-0.011397
-0.043468
-0.075451
-0.10677
-0.13684
-0.1651
-0.20275
-0.23346
-0.25579
-0.26865
-0.27108
-0.26127
-0.23925
-0.20571
-0.1589
-0.1025
-0.03906
0.028353
0.10003
0.1683
0.22914
0.27888
0.31142
0.33048
0.33551
0.32727
0.30968
0.28393
0.25158
0.2142
0.17339
0.13075
0.087798
0.045842
0.0030189
-0.035985
-0.070151
-0.098806
-0.12072
-0.13704
-0.14784
-0.15338
-0.15396
-0.14964
-0.14131
-0.1299
-0.11829
-0.10585
-0.09327
-0.081221
-0.071901
-0.063817
-0.057329
-0.052621
-0.049675
-0.048126
-0.047536
-0.047499
-0.047665
-0.04779
-0.047665
-0.047112
-0.04565
-0.043182
-0.039618
-0.03493
-0.027654
-0.018965
-0.009204
0.001197
0.011788
0.021946
0.031109
0.038758
0.043856
0.047167
0.048497
0.047745
0.044839
0.039833
0.032884
0.024257
0.012523
-0.00037248
-0.013691
-0.026628
-0.037489
-0.046746
-0.053863
-0.05842
-0.060098
-0.059102
-0.055391
-0.049065
-0.039937
-0.028573
-0.015452
-0.0011725
0.013821
0.028569
0.042316
0.054344
0.064001
0.070706
0.074014
0.073674
0.069942
0.062952
0.05291
0.040193
0.022928
0.0037246
-0.016353
-0.036131
-0.053546
-0.068626
-0.080476
-0.088376
-0.091698
-0.09095
-0.086032
-0.077065
-0.063906
-0.047267
-0.027832
-0.0064678
0.021094
0.048111
0.072588
0.092636
0.10463
0.11179
0.11357
0.10975
0.10097
0.087386
0.069451
0.047867
0.020708
-0.0084666
-0.038117
-0.066611
-0.090626
-0.111
-0.12664
-0.13668
-0.14048
-0.13805
-0.12931
-0.11448
-0.09306
-0.066415
-0.035671
-0.0022364
0.037687
0.076511
0.11165
0.14069
0.15907
0.17035
0.17372
0.16884
0.15627
0.13628
0.10952
0.077036
0.040177
0.00044867
-0.040454
-0.08072
-0.11238
-0.14129
-0.16649
-0.18711
-0.20458
-0.21366
-0.21367
-0.20439
-0.18546
-0.15751
-0.12153
-0.078945
-0.024202
0.033816
0.091758
0.14613
0.18938
0.22459
0.24974
0.26336
0.2647
0.25463
0.234
0.20433
0.17362
0.13863
0.10034
0.059626
0.03
-0.00013633
-0.030541
-0.061007
-0.091343
-0.12144
-0.1511
-0.17996
-0.21175
-0.24072
-0.266
-0.28684
-0.3078
-0.31659
-0.3122
-0.29432
-0.26072
-0.21319
-0.15357
-0.084489
-0.0059139
0.075367
0.15501
0.22861
0.27246
0.31046
0.34157
0.36486
0.37974
0.38628
0.38499
0.37655
0.35854
0.3332
0.30208
0.2668
0.22886
0.19009
0.15216
0.11607
0.084438
0.054021
0.024868
-0.002901
-0.027485
-0.050311
-0.071048
-0.089379
-0.10568
-0.11863
-0.12792
-0.13333
-0.13459
-0.13037
-0.12077
-0.10609
-0.084514
-0.058201
-0.028253
0.0039914
0.03616
0.067692
0.097167
0.12323
0.14475
0.16043
0.16937
0.17102
0.16505
0.15143
0.13051
0.10307
0.065943
0.023867
-0.020964
-0.066072
-0.1104
-0.14944
-0.18061
-0.20177
-0.2108
-0.21037
-0.20019
-0.1805
-0.15556
-0.12453
-0.088193
-0.047584
-0.0057472
0.037411
0.080439
0.12186
0.15525
0.18544
0.21158
0.23292
0.25256
0.26177
0.25982
0.2465
0.22139
0.18542
0.13987
0.086593
0.020312
-0.049293
-0.11834
-0.18283
-0.23442
-0.27624
-0.30595
-0.32183
-0.32383
-0.31557
-0.29817
-0.27291
-0.23878
-0.19909
-0.15564
-0.11013
-0.064734
-0.020309
0.021918
0.060999
0.094763
0.12452
0.15002
0.17125
0.18794
0.20105
0.21101
0.21842
0.22294
0.22663
0.22914
0.22974
0.22769
0.22266
0.2144
0.20272
0.18145
0.15411
0.12124
0.083689
0.037011
-0.012242
-0.061889
-0.10964
-0.14889
-0.18315
-0.21093
-0.23102
-0.24277
-0.24421
-0.23519
-0.2162
-0.19447
-0.16786
-0.1371
-0.1029
-0.070216
-0.035845
-0.00022576
0.036265
0.061814
0.087486
0.11302
0.13809
0.16235
0.1855
0.20725
0.22732
0.26209
0.2868
0.2999
0.30041
0.28714
0.25986
0.21937
0.16722
0.099874
0.024748
-0.054217
-0.13265
-0.2044
-0.2673
-0.31764
-0.35238
-0.36877
-0.37066
-0.35938
-0.33683
-0.30882
-0.27515
-0.23754
-0.19764
-0.15548
-0.11444
-0.076152
-0.041582
-0.019513
0.00083483
0.019452
0.036312
0.051359
0.064493
0.07562
0.084662
0.092772
0.097563
0.098971
0.097026
0.090986
0.081066
0.067604
0.051084
0.028142
0.002819
-0.023601
-0.049724
-0.073989
-0.095238
-0.11225
-0.12404
-0.12969
-0.12957
-0.12349
-0.11157
-0.093818
-0.071061
-0.044215
-0.014454
0.022701
0.05963
0.093863
0.12302
0.1423
0.15519
0.16084
0.1588
0.14951
0.1332
0.11039
0.081932
0.047634
0.0099941
-0.029273
-0.068303
-0.099663
-0.12835
-0.1533
-0.17357
-0.18977
-0.19812
-0.19801
-0.18924
-0.17154
-0.1455
-0.11203
-0.072477
-0.021243
0.033005
0.087082
0.13767
0.17754
0.2098
0.2326
0.24456
0.24496
0.23439
0.21356
0.18382
0.14705
0.10449
0.057586
0.0075987
-0.024304
-0.05671
-0.089283
-0.12153
-0.15284
-0.18255
-0.21007
-0.23484
-0.26822
-0.29082
-0.30113
-0.29827
-0.28144
-0.25083
-0.20737
-0.15278
-0.083507
-0.0073387
0.071704
0.14924
0.21618
0.27449
0.32101
0.35317
0.36894
0.37037
0.35879
0.33608
0.30766
0.27353
0.23547
0.19517
0.15286
0.11177
0.073496
0.038999
0.016899
-0.0034324
-0.02198
-0.038715
-0.053581
-0.066475
-0.077302
-0.085988
-0.09357
-0.097781
-0.098573
-0.095986
-0.089246
-0.078667
-0.064612
-0.047588
-0.023953
0.0019002
0.028625
0.054773
0.078564
0.099059
0.11506
0.12561
0.12994
0.12845
0.12101
0.10782
0.088687
0.064659
0.036739
0.0061859
-0.031067
-0.067535
-0.10076
-0.12841
-0.146
-0.15704
-0.16076
-0.1568
-0.1457
-0.1277
-0.10339
-0.073702
-0.038971
-0.0013713
0.037415
0.075585
0.10627
0.13405
0.15791
0.17694
0.19167
0.1984
0.19659
0.18611
0.16675
0.13921
0.10448
0.063962
0.012136
-0.042164
-0.095732
-0.14527
-0.18366
-0.21417
-0.23503
-0.24497
-0.24349
-0.2312
-0.20886
-0.17789
-0.1445
-0.10656
-0.065106
-0.021049
0.011485
0.044656
0.078168
0.11156
0.14419
0.17532
0.20427
0.23043
0.265
0.28892
0.3006
0.29909
0.28363
0.25429
0.21196
0.15829
0.089761
0.013998
-0.065006
-0.14288
-0.21159
-0.27159
-0.31952
-0.35266
-0.3687
-0.37035
-0.35892
-0.33632
-0.30811
-0.27422
-0.23639
-0.19629
-0.15408
-0.11302
-0.074759
-0.040254
-0.018216
0.0020752
0.020608
0.037355
0.052264
0.065235
0.076175
0.085008
0.092833
0.097323
0.098426
0.096176
0.089817
0.079614
0.065916
0.049214
0.026027
0.00054552
-0.025923
-0.051965
-0.075932
-0.096762
-0.11325
-0.12443
-0.12944
-0.12868
-0.12197
-0.1095
-0.091148
-0.067863
-0.040591
-0.010543
0.02657
0.063195
0.096869
0.12524
0.14367
0.15564
0.16036
0.15741
0.14728
0.13021
0.10675
0.077791
0.043354
0.0058086
-0.033146
-0.071677
-0.10266
-0.13086
-0.15523
-0.17483
-0.19022
-0.1977
-0.19671
-0.18707
-0.16855
-0.1418
-0.10777
-0.067823
-0.016408
0.03773
0.091402
0.14131
0.18028
0.21152
0.23322
0.24408
0.24347
0.232
0.21038
0.18
0.14486
0.10457
0.06035
0.013277
-0.018563
-0.050962
-0.083599
-0.116
-0.14755
-0.17759
-0.20551
-0.23075
-0.26487
-0.28843
-0.29988
-0.29829
-0.28282
-0.25354
-0.21133
-0.15785
-0.089448
-0.01383
0.065019
0.14273
0.21127
0.27112
0.31891
0.35193
0.36789
0.36947
0.35799
0.33535
0.30714
0.27327
0.23546
0.19538
0.15324
0.11223
0.074044
0.039695
0.017889
-0.0021469
-0.02041
-0.036883
-0.051519
-0.064229
-0.07493
-0.083553
-0.091183
-0.095531
-0.096552
-0.094286
-0.087988
-0.07793
-0.064456
-0.048051
-0.025272
-0.00025492
0.025721
0.051273
0.074997
0.095579
0.11181
0.12272
0.12746
0.12651
0.1197
0.1072
0.088925
0.065804
0.038791
0.0090884
-0.027534
-0.063582
-0.096618
-0.12433
-0.14216
-0.15359
-0.15786
-0.15457
-0.14424
-0.1271
-0.1037
-0.074941
-0.040809
-0.0036927
0.03472
0.072613
0.1032
0.13092
0.15472
0.17368
0.18818
0.19483
0.19308
0.1828
0.16381
0.13679
0.1027
0.062926
0.011936
-0.041494
-0.094197
-0.14292
-0.1806
-0.21053
-0.23094
-0.24061
-0.23902
-0.22671
-0.20441
-0.1735
-0.13756
-0.096465
-0.051432
-0.003548
0.043298
0.09082
0.1374
0.18108
0.21494
0.24413
0.26769
0.28482
0.29655
0.29495
0.27957
0.25075
0.20837
0.15453
0.091484
0.022059
-0.055442
-0.13228
-0.20414
-0.26687
-0.31279
-0.34544
-0.36339
-0.36654
-0.35807
-0.34051
-0.31529
-0.28395
-0.24807
-0.2093
-0.16927
-0.12946
-0.08565
-0.045853
-0.010933
0.018984
0.038141
0.054556
0.068141
0.078836
0.086588
0.091319
0.093005
0.09169
0.086597
0.07786
0.065788
0.050816
0.030043
0.0069287
-0.017419
-0.041785
-0.065982
-0.087462
-0.10495
-0.11739
-0.12369
-0.12446
-0.11948
-0.10882
-0.092687
-0.071714
-0.046724
-0.018791
0.016821
0.052541
0.085968
0.11476
0.13407
0.14733
0.15369
0.15266
0.14464
0.12987
0.10878
0.082182
0.049242
0.01282
-0.025376
-0.063468
-0.094369
-0.12262
-0.14711
-0.16687
-0.18213
-0.18982
-0.18937
-0.18059
-0.16328
-0.13802
-0.1057
-0.067607
-0.018165
0.03406
0.08597
0.13435
0.17215
0.20254
0.22375
0.23449
0.23415
0.22327
0.20242
0.17273
0.13951
0.10137
0.059332
0.014398
-0.012478
-0.039887
-0.067544
-0.095072
-0.12206
-0.14816
-0.17301
-0.19627
-0.23385
-0.26308
-0.28239
-0.2907
-0.28677
-0.26941
-0.23895
-0.19646
-0.13913
-0.072442
0.00032697
0.075389
0.14989
0.21832
0.2766
0.3212
0.34715
0.35828
0.35495
0.33892
0.31415
0.28173
0.2436
0.20166
0.15968
0.11755
0.076753
0.038567
0.0013745
-0.030181
-0.05519
-0.073257
-0.083039
-0.088402
-0.089505
-0.086599
-0.080223
-0.070622
-0.058147
-0.043228
-0.021944
0.0013981
0.025729
0.04991
0.075428
0.097792
0.11561
0.12773
0.13313
0.13242
0.12542
0.11228
0.093271
0.069202
0.041055
0.010083
-0.027911
-0.065362
-0.099773
-0.12876
-0.14763
-0.1599
-0.16473
-0.16171
-0.15133
-0.13381
-0.10972
-0.079983
-0.044865
-0.0065826
0.033157
0.072508
0.10394
0.13265
0.15761
0.1779
0.19434
0.20276
0.20253
0.19345
0.17523
0.14849
0.11416
0.073613
0.021281
-0.034093
-0.089273
-0.14089
-0.18163
-0.2146
-0.23792
-0.25018
-0.25069
-0.24012
-0.2192
-0.18936
-0.15632
-0.11847
-0.076901
-0.032614
0.0035013
0.040386
0.077792
0.11526
0.15193
0.18672
0.21864
0.24682
0.27982
0.30082
0.3082
0.30111
0.27963
0.2442
0.19601
0.13702
0.064316
-0.014247
-0.094518
-0.17206
-0.23736
-0.29323
-0.33667
-0.36533
-0.37775
-0.37604
-0.36181
-0.33698
-0.30497
-0.2672
-0.22579
-0.18279
-0.13901
-0.097547
-0.059256
-0.02423
0.00030222
0.022936
0.043506
0.06184
0.077749
0.090993
0.10137
0.10872
0.11332
0.11362
0.10963
0.10149
0.088008
0.070277
0.048951
0.024871
-0.0043143
-0.034281
-0.063472
-0.090325
-0.11243
-0.12986
-0.14162
-0.14702
-0.14574
-0.13782
-0.1234
-0.10297
-0.074956
-0.04207
-0.0058849
0.03176
0.072664
0.11025
0.14193
0.1655
0.1778
0.18212
0.17797
0.16535
0.14505
0.11759
0.083965
0.045551
0.0067635
-0.033333
-0.073191
-0.11123
-0.14327
-0.17131
-0.1943
-0.21136
-0.22279
-0.22467
-0.21661
-0.19873
-0.17065
-0.13374
-0.089425
-0.039597
0.020255
0.080871
0.1387
0.19024
0.22841
0.25681
0.27375
0.27814
0.27169
0.25661
0.23392
0.20469
0.16669
0.12386
0.077706
0.029573
-0.0094167
-0.048347
-0.08677
-0.12436
-0.16098
-0.19635
-0.22962
-0.25946
-0.28003
-0.29692
-0.30965
-0.31781
-0.32061
-0.31005
-0.28593
-0.24881
-0.19451
-0.1283
-0.053237
0.026921
0.10829
0.1862
0.25629
0.31457
0.35428
0.37899
0.38828
0.38324
0.36665
0.34042
0.30668
0.26759
0.2287
0.18901
0.15017
0.11317
0.080308
0.048709
0.018467
-0.010251
-0.03468
-0.057265
-0.077663
-0.095553
-0.11156
-0.12396
-0.13243
-0.13677
-0.13653
-0.13065
-0.11926
-0.10276
-0.079014
-0.050606
-0.01878
0.014992
0.047197
0.078325
0.107
0.13194
0.15232
0.16651
0.1737
0.17337
0.16525
0.1494
0.12627
0.096734
0.056837
0.012284
-0.034495
-0.080805
-0.12259
-0.15893
-0.18762
-0.20688
-0.21508
-0.21373
-0.20256
-0.18186
-0.15835
-0.12976
-0.096717
-0.059967
-0.024238
0.012995
0.050803
0.088229
0.11966
0.14945
0.17699
0.20172
0.23203
0.25358
0.26521
0.26619
0.25547
0.2328
0.1988
0.15475
0.095392
0.028591
-0.042092
-0.11268
-0.17876
-0.23674
-0.28299
-0.31457
-0.32862
-0.32903
-0.31669
-0.29338
-0.26682
-0.23512
-0.19955
-0.16132
-0.11665
-0.071754
-0.028078
0.013169
0.051164
0.084866
0.1137
0.13738
0.15781
0.17187
0.18012
0.18341
0.18337
0.18196
0.17958
0.17664
0.17361
0.17036
0.16641
0.16129
0.15586
0.14915
0.14106
0.13152
0.11312
0.091144
0.066032
0.038427
0.0059567
-0.027164
-0.059457
-0.089429
-0.11279
-0.13223
-0.14691
-0.15618
-0.1596
-0.1561
-0.14563
-0.12848
-0.10359
-0.072833
-0.037511
0.0007467
0.036061
0.070901
0.10387
0.13362
0.15991
0.18002
0.1929
0.19782
0.19421
0.18171
0.16059
0.13161
0.092088
0.046304
-0.0034911
-0.054693
-0.10728
-0.15509
-0.19503
-0.22446
-0.23649
-0.24323
-0.2444
-0.23987
-0.22975
-0.21451
-0.19465
-0.1707
-0.13232
-0.088748
-0.04134
0.0087174
0.055247
0.10223
0.14814
0.19098
0.22326
0.25101
0.27335
0.28954
0.30075
0.2983
0.28175
0.25148
0.20746
0.1519
0.087118
0.016084
-0.062343
-0.13975
-0.21179
-0.27431
-0.3197
-0.35154
-0.36851
-0.3707
-0.36122
-0.34241
-0.31584
-0.28316
-0.24607
-0.20635
-0.16573
-0.12576
-0.095756
-0.067703
-0.041789
-0.01792
0.0040689
0.024084
0.04204
0.057846
0.07105
0.081983
0.090534
0.09662
0.10064
0.10084
0.097228
0.089968
0.07802
0.062356
0.043553
0.022338
-0.0048126
-0.032698
-0.059757
-0.084426
-0.1041
-0.11926
-0.129
-0.1327
-0.13025
-0.12182
-0.10759
-0.088068
-0.061492
-0.030721
0.0027272
0.037099
0.073944
0.10713
0.1343
0.15347
0.16224
0.16367
0.15744
0.14366
0.12283
0.095661
0.06321
0.02685
-0.0094136
-0.046282
-0.08226
-0.11586
-0.14552
-0.17006
-0.18833
-0.19942
-0.2027
-0.19695
-0.18216
-0.15874
-0.12552
-0.08497
-0.038862
0.010622
0.06588
0.11898
0.16664
0.20583
0.22609
0.24062
0.24885
0.25045
0.24528
0.23362
0.21599
0.19308
0.16204
0.12629
0.08682
0.044565
-0.00027578
-0.046385
-0.093109
-0.13931
-0.17547
-0.20897
-0.23881
-0.26412
-0.29102
-0.30507
-0.30499
-0.29028
-0.2616
-0.21969
-0.16607
-0.10296
-0.027495
0.051846
0.13081
0.205
0.24855
0.28716
0.31981
0.34563
0.36386
0.37418
0.37677
0.37222
0.35995
0.34097
0.31635
0.28724
0.25151
0.21333
0.17424
0.13564
0.11036
0.086293
0.06357
0.042136
0.021886
0.0028448
-0.014954
-0.031465
-0.047912
-0.06263
-0.075496
-0.0864
-0.097083
-0.10438
-0.10816
-0.10837
-0.10438
-0.096034
-0.083592
-0.067499
-0.044961
-0.019308
0.0082476
0.03634
0.063266
0.087962
0.10913
0.12565
0.13632
0.14109
0.13953
0.13157
0.11742
0.097509
0.072547
0.043548
0.0050605
-0.035096
-0.074355
-0.11009
-0.13648
-0.15677
-0.16974
-0.17455
-0.17118
-0.15999
-0.14123
-0.11555
-0.081506
-0.042187
0.00055917
0.044612
0.079516
0.11261
0.14274
0.16883
0.19225
0.20808
0.21539
0.21368
0.20235
0.18149
0.15175
0.11425
0.063591
0.0074441
-0.051061
-0.10848
-0.15814
-0.20102
-0.23464
-0.25699
-0.26623
-0.26369
-0.24978
-0.22576
-0.19166
-0.15011
-0.10301
-0.052082
-0.01875
0.015099
0.049147
0.083133
0.11689
0.15018
0.18249
0.21304
0.23919
0.26243
0.28217
0.29794
0.31416
0.31717
0.3062
0.28121
0.24051
0.18651
0.12143
0.048249
-0.032333
-0.11359
-0.1911
-0.26054
-0.31357
-0.35356
-0.37859
-0.38812
-0.38317
-0.36577
-0.33809
-0.30249
-0.27404
-0.24379
-0.2126
-0.1813
-0.159
-0.1373
-0.11624
-0.095699
-0.075582
-0.055904
-0.036687
-0.017972
0.0083864
0.033258
0.056315
0.077234
0.095776
0.11145
0.12392
0.13295
0.13893
0.13951
0.1346
0.12434
0.10757
0.085495
0.058936
0.028968
-0.004212
-0.038225
-0.071522
-0.10255
-0.12955
-0.15151
-0.16727
-0.17597
-0.17704
-0.17014
-0.15532
-0.13305
-0.102
-0.064744
-0.022971
0.021286
0.070149
0.11628
0.15672
0.18879
0.2081
0.21819
0.21828
0.20812
0.1885
0.16026
0.12454
0.082625
0.067185
0.051237
0.034833
0.018036
0.00092876
-0.016396
-0.033845
-0.051325
-0.076141
-0.10055
-0.12428
-0.14707
-0.18618
-0.21948
-0.24553
-0.26319
-0.27192
-0.26862
-0.25305
-0.22558
-0.18545
-0.13504
-0.076464
-0.012376
0.059565
0.13042
0.1961
0.25273
0.29319
0.32108
0.33504
0.33494
0.32102
0.29514
0.25964
0.21697
0.17696
0.13511
0.09287
0.051515
0.0084232
-0.030894
-0.065373
-0.094304
-0.1161
-0.13238
-0.14319
-0.14875
-0.14924
-0.14452
-0.13541
-0.12287
-0.10958
-0.095105
-0.080176
-0.06549
-0.049908
-0.036391
-0.025747
-0.018624
-0.017148
-0.016128
-0.01558
-0.015519
-0.015959
-0.016886
-0.018259
-0.020028
-0.022262
-0.024821
-0.027653
-0.030704
-0.038044
-0.045715
-0.053245
-0.060195
-0.067573
-0.072758
-0.07525
-0.0747
-0.069946
-0.060781
-0.047528
-0.030862
-0.011181
0.0098829
0.030969
0.050641
0.065273
0.077041
0.085254
0.089415
0.089345
0.085254
0.077195
0.065433
0.049124
0.029746
0.008196
-0.014458
-0.037869
-0.059904
-0.079279
-0.094842
-0.10483
-0.11028
-0.11079
-0.1062
-0.096705
-0.082551
-0.064223
-0.042448
-0.01229
0.019781
0.051662
0.081149
0.10327
0.12066
0.13225
0.13729
0.13571
0.12797
0.11419
0.094861
0.068366
0.037378
0.0033886
-0.031864
-0.06267
-0.091691
-0.11765
-0.13939
-0.15623
-0.16665
-0.16997
-0.16588
-0.15418
-0.13512
-0.10935
-0.077849
-0.035
0.011538
0.058973
0.10431
0.14094
0.17139
0.19387
0.20701
0.21003
0.20364
0.18782
0.16305
0.13591
0.10392
0.067843
0.028625
-0.012944
-0.055168
-0.096659
-0.13603
-0.16993
-0.19968
-0.2243
-0.24296
-0.2568
-0.25968
-0.2511
-0.23117
-0.1995
-0.15757
-0.107
-0.049933
0.01802
0.087134
0.15348
0.21315
0.24562
0.27314
0.29499
0.31055
0.31938
0.3214
0.31688
0.30638
0.28851
0.26494
0.23663
0.20453
0.16571
0.12475
0.082921
0.041313
-0.00079068
-0.040583
-0.077272
-0.11031
-0.14078
-0.16664
-0.18798
-0.20511
-0.21874
-0.22939
-0.23734
-0.24186
-0.24173
-0.23678
-0.22643
-0.21033
-0.18686
-0.15719
-0.12196
-0.082086
-0.030943
0.022707
0.076379
0.12749
0.169
0.20459
0.23264
0.25187
0.26134
0.25957
0.24687
0.22433
0.19073
0.1493
0.10199
0.050581
0.021953
-0.0071377
-0.036485
-0.065912
-0.095275
-0.12444
-0.15316
-0.181
-0.21044
-0.23738
-0.26115
-0.28115
-0.3039
-0.31418
-0.31088
-0.29364
-0.26121
-0.21503
-0.15683
-0.089149
-0.011243
0.069656
0.14922
0.22305
0.26669
0.30478
0.33626
0.36025
0.37611
0.38381
0.38374
0.37657
0.3608
0.3381
0.3098
0.27726
0.23942
0.20008
0.16089
0.12322
0.093488
0.065044
0.037841
0.011897
-0.013145
-0.036495
-0.057871
-0.076995
-0.093639
-0.10741
-0.11805
-0.12534
-0.12946
-0.1285
-0.12246
-0.11151
-0.09435
-0.07238
-0.046454
-0.017645
0.014052
0.046085
0.076938
0.10512
0.12882
0.14736
0.15973
0.1652
0.16338
0.15411
0.13757
0.11432
0.082473
0.045215
0.0043339
-0.038078
-0.0833
-0.12478
-0.15975
-0.18582
-0.19964
-0.20454
-0.19998
-0.18594
-0.16332
-0.13274
-0.095252
-0.052331
-0.0074419
0.039038
0.085191
0.12906
0.16192
0.19097
0.21527
0.23406
0.24882
0.25304
0.2462
0.22833
0.19912
0.15985
0.112
0.05756
-0.0083233
-0.075865
-0.14122
-0.20055
-0.23537
-0.26472
-0.2877
-0.30357
-0.31178
-0.31227
-0.3054
-0.29186
-0.27144
-0.24551
-0.21508
-0.18112
-0.14084
-0.098784
-0.056135
-0.013938
0.030768
0.072817
0.11144
0.1462
0.16702
0.18606
0.20337
0.21905
0.23331
0.24627
0.25776
0.26728
0.27475
0.27827
0.27726
0.27134
0.25632
0.23286
0.20126
0.16221
0.1101
0.051789
-0.010269
-0.073326
-0.13586
-0.19319
-0.24228
-0.28049
-0.30431
-0.31526
-0.3133
-0.29949
-0.27393
-0.23909
-0.19721
-0.15045
-0.1077
-0.064232
-0.021255
0.020234
0.060631
0.097808
0.13125
0.16072
0.18019
0.19747
0.21272
0.22612
0.23805
0.24864
0.25746
0.26367
0.2664
0.26481
0.25846
0.2471
0.22526
0.1954
0.15813
0.11448
0.05897
-0.00059716
-0.061511
-0.12088
-0.17054
-0.21445
-0.25068
-0.27761
-0.29417
-0.29829
-0.29026
-0.27135
-0.24344
-0.20806
-0.16697
-0.12184
-0.077856
-0.033023
0.011576
0.055073
0.097023
0.13662
0.17354
0.20775
0.22841
0.24789
0.26572
0.28133
0.29412
0.30368
0.30962
0.31166
0.30608
0.28905
0.26062
0.22141
0.16732
0.1038
0.033532
-0.040261
-0.11735
-0.19028
-0.25497
-0.30772
-0.34246
-0.3627
-0.3682
-0.36012
-0.34129
-0.31341
-0.27847
-0.23852
-0.19774
-0.15604
-0.11507
-0.076297
-0.048559
-0.023322
-0.00061184
0.019639
0.037515
0.052961
0.065918
0.076339
0.084547
0.089817
0.092124
0.091504
0.08725
0.079368
0.068139
0.05397
0.034234
0.012031
-0.011609
-0.035548
-0.06017
-0.082389
-0.10089
-0.11455
-0.12211
-0.12423
-0.12061
-0.11127
-0.09659
-0.077021
-0.053305
-0.02643
0.0087042
0.044481
0.078512
0.10843
0.12913
0.144
0.15211
0.15287
0.14658
0.1335
0.11399
0.088783
0.056543
0.020376
-0.017987
-0.056617
-0.087999
-0.11693
-0.14228
-0.16302
-0.17933
-0.18825
-0.18913
-0.18176
-0.16587
-0.14196
-0.11085
-0.073785
-0.02512
0.026739
0.078725
0.12761
0.16633
0.19789
0.22044
0.23264
0.23374
0.22437
0.20496
0.17653
0.14638
0.11171
0.073365
0.032143
-0.016094
-0.065805
-0.11518
-0.16199
-0.20576
-0.24217
-0.26929
-0.28565
-0.29015
-0.28132
-0.25908
-0.22411
-0.17546
-0.11639
-0.049551
0.021873
0.097961
0.17095
0.23661
0.29106
0.32771
0.35027
0.35816
0.35217
0.33105
0.29749
0.25468
0.20584
0.16406
0.1221
0.081518
0.043634
0.007229
-0.023475
-0.047917
-0.066074
-0.077553
-0.083961
-0.085434
-0.082264
-0.076122
-0.067056
-0.055375
-0.041462
-0.020996
0.0014569
0.024825
0.047964
0.071969
0.092799
0.10911
0.11981
0.12401
0.12251
0.11518
0.10222
0.083725
0.060595
0.033793
0.0045317
-0.031194
-0.066054
-0.097665
-0.12379
-0.14014
-0.15018
-0.1532
-0.14889
-0.13779
-0.12016
-0.096567
-0.06793
-0.034269
0.0020442
0.039351
0.075883
0.10571
0.13244
0.15498
0.17244
0.18485
0.18944
0.18577
0.17379
0.15343
0.12546
0.090918
0.051211
0.0008697
-0.051213
-0.10191
-0.14806
-0.18289
-0.20982
-0.22726
-0.23412
-0.23011
-0.21571
-0.19169
-0.15941
-0.13396
-0.10588
-0.0756
-0.043501
-0.0099412
0.024726
0.059996
0.095182
0.12361
0.151
0.17693
0.201
0.23745
0.26523
0.28283
0.2892
0.28314
0.26376
0.23149
0.18749
0.12837
0.060287
-0.013344
-0.088596
-0.1619
-0.22841
-0.28414
-0.32566
-0.34862
-0.35693
-0.35114
-0.33309
-0.31043
-0.28199
-0.24908
-0.21299
-0.17177
-0.12992
-0.08895
-0.050159
-0.019589
0.0078883
0.031735
0.05153
0.067039
0.078304
0.085446
0.088648
0.088157
0.08424
0.07713
0.067129
0.052168
0.034316
0.014267
-0.007192
-0.035136
-0.062294
-0.086979
-0.10761
-0.12208
-0.13081
-0.13314
-0.12878
-0.11852
-0.10257
-0.081444
-0.05599
-0.021084
0.016431
0.054191
0.089687
0.11724
0.13953
0.15521
0.16331
0.16347
0.15626
0.14174
0.12041
0.090844
0.055638
0.016416
-0.024889
-0.059819
-0.093441
-0.12447
-0.15171
-0.17559
-0.19256
-0.20169
-0.20237
-0.19409
-0.17677
-0.15089
-0.11742
-0.072192
-0.021318
0.032491
0.086202
0.13679
0.18108
0.21625
0.24004
0.25014
0.24909
0.23701
0.21473
0.18514
0.1489
0.10739
0.061895
0.044526
0.026847
0.0089099
-0.009236
-0.027544
-0.045974
-0.064486
-0.083045
-0.11125
-0.13904
-0.16597
-0.19161
-0.23272
-0.26634
-0.29066
-0.30428
-0.3058
-0.29247
-0.26432
-0.22232
-0.16616
-0.099515
-0.025497
0.052165
0.13105
0.20511
0.27007
0.32209
0.35511
0.37284
0.37535
0.3642
0.34471
0.31766
0.28469
0.24744
0.20724
0.16608
0.12557
0.087162
0.047805
0.012757
-0.017977
-0.04438
-0.066083
-0.082991
-0.094749
-0.1012
-0.10251
-0.10019
-0.094333
-0.085142
-0.07031
-0.051771
-0.030264
-0.0066909
0.021004
0.048556
0.074453
0.097234
0.11466
0.12714
0.13393
0.13454
0.129
0.11746
0.10022
0.077927
0.047798
0.013917
-0.021905
-0.057642
-0.09117
-0.1205
-0.14379
-0.15952
-0.16625
-0.16557
-0.15726
-0.14151
-0.11828
-0.088685
-0.05394
-0.015569
0.021013
0.057745
0.093176
0.12588
0.15539
0.17914
0.19594
0.20491
0.20537
0.1966
0.17867
0.15217
0.11534
0.071391
0.022334
-0.029417
-0.085197
-0.13768
-0.1836
-0.21999
-0.2364
-0.24786
-0.25401
-0.25463
-0.24962
-0.23928
-0.22403
-0.20434
-0.17284
-0.13588
-0.094683
-0.050349
-0.015546
0.020045
0.056074
0.092234
0.12821
0.16321
0.1963
0.22658
0.25247
0.27422
0.29123
0.30299
0.31001
0.30232
0.27965
0.24264
0.19142
0.12879
0.057565
-0.018805
-0.098934
-0.17607
-0.24584
-0.3042
-0.34423
-0.36959
-0.3797
-0.37547
-0.35791
-0.32925
-0.29208
-0.24908
-0.20909
-0.16859
-0.12928
-0.092276
-0.058476
-0.026963
0.0021938
0.028877
0.048401
0.065909
0.081186
0.09404
0.10549
0.11332
0.11736
0.11753
0.11309
0.10386
0.090116
0.072354
0.047601
0.019483
-0.010643
-0.041248
-0.069237
-0.094894
-0.11695
-0.1343
-0.14596
-0.15135
-0.15004
-0.14192
-0.1271
-0.10606
-0.079548
-0.048631
-0.0078171
0.034909
0.076867
0.1153
0.14411
0.16654
0.18125
0.18729
0.18455
0.17341
0.15409
0.12725
0.099852
0.068668
0.034579
-0.0014155
-0.038233
-0.074732
-0.10976
-0.14219
-0.17454
-0.20071
-0.21942
-0.22977
-0.23095
-0.22176
-0.20227
-0.17311
-0.13243
-0.08367
-0.029044
0.028782
0.090826
0.14955
0.20137
0.24306
0.26933
0.28381
0.28575
0.27541
0.25663
0.23022
0.19748
0.15971
0.11786
0.073539
0.027976
-0.017805
-0.064381
-0.10947
-0.15254
-0.19333
-0.23321
-0.268
-0.29511
-0.31241
-0.31818
-0.31463
-0.3014
-0.27851
-0.23759
-0.18402
-0.11989
-0.048044
0.030978
0.11061
0.18661
0.2548
0.30709
0.34677
0.3719
0.38184
0.3778
0.36207
0.33653
0.30324
0.26688
0.22746
0.18682
0.14665
0.11225
0.079725
0.049
0.020053
-0.0070726
-0.032139
-0.054828
-0.074836
-0.090354
-0.10314
-0.11296
-0.11965
-0.12339
-0.1223
-0.11637
-0.10581
-0.089319
-0.068277
-0.043504
-0.01602
0.01474
0.045776
0.075574
0.10264
0.12504
0.14235
0.15362
0.15817
0.15567
0.14606
0.12952
0.10664
0.075411
0.039114
-0.00047914
-0.041311
-0.084526
-0.1238
-0.15648
-0.18029
-0.19224
-0.19556
-0.18981
-0.17504
-0.15193
-0.12116
-0.083892
-0.041679
-0.0010708
0.040631
0.081914
0.12125
0.15421
0.18319
0.2072
0.22539
0.23859
0.24162
0.23403
0.21589
0.18687
0.14829
0.10162
0.04885
-0.014704
-0.079473
-0.14173
-0.19775
-0.23122
-0.25889
-0.27984
-0.29334
-0.29888
-0.2965
-0.28662
-0.27002
-0.2467
-0.21808
-0.18518
-0.14899
-0.10668
-0.06285
-0.018652
0.024959
0.069058
0.1109
0.14999
0.18613
0.21276
0.23761
0.2602
0.27956
0.29454
0.30427
0.30806
0.3054
0.29227
0.26811
0.23329
0.18874
0.12869
0.060687
-0.012199
-0.086451
-0.16061
-0.22812
-0.28507
-0.32812
-0.35279
-0.36282
-0.35871
-0.34223
-0.32027
-0.29221
-0.25944
-0.22331
-0.18296
-0.14198
-0.10186
-0.063913
-0.025655
0.0071104
0.03397
0.055103
0.06777
0.077122
0.083164
0.085956
0.085592
0.082167
0.075841
0.066848
0.052798
0.035838
0.016649
-0.003977
-0.029761
-0.054843
-0.077669
-0.096785
-0.10998
-0.11815
-0.1207
-0.11736
-0.10863
-0.09472
-0.076075
-0.053426
-0.022476
0.010994
0.044932
0.077142
0.10271
0.12373
0.13895
0.14742
0.14871
0.14331
0.13126
0.11291
0.087274
0.056383
0.02163
-0.015308
-0.048594
-0.080808
-0.11061
-0.13674
-0.15871
-0.17438
-0.18284
-0.18357
-0.17615
-0.16052
-0.13714
-0.10686
-0.065926
-0.019855
0.028903
0.077604
0.12363
0.16395
0.19598
0.21765
0.22539
0.22779
0.22469
0.21604
0.20206
0.18323
0.16007
0.13311
0.10116
0.066148
0.028566
-0.010945
-0.051513
-0.091972
-0.13114
-0.16788
-0.204
-0.23455
-0.25832
-0.27439
-0.28249
-0.27797
-0.26059
-0.2308
-0.18782
-0.13426
-0.072399
-0.0050747
0.069332
0.14218
0.20931
0.26675
0.3074
0.33488
0.34805
0.34704
0.33548
0.31529
0.28791
0.25481
0.21752
0.17763
0.13664
0.095939
0.051622
0.010998
-0.024508
-0.053856
-0.074336
-0.088846
-0.097181
-0.099319
-0.093917
-0.080476
-0.0601
-0.034249
-0.0094953
0.016901
0.04385
0.070228
0.098999
0.12377
0.14304
0.15558
0.16048
0.15793
0.1478
0.13034
0.10572
0.07514
0.039906
0.0016349
-0.043097
-0.086599
-0.12607
-0.15889
-0.18014
-0.19344
-0.19787
-0.193
-0.17933
-0.15716
-0.12722
-0.090655
-0.060048
-0.027289
0.0068498
0.041551
0.075964
0.10922
0.14045
0.16885
0.19986
0.22354
0.23871
0.24455
0.24013
0.22471
0.19863
0.16281
0.11399
0.057435
-0.0040876
-0.06736
-0.13105
-0.18917
-0.23814
-0.27485
-0.29502
-0.30219
-0.29646
-0.27901
-0.24994
-0.21195
-0.16727
-0.11808
-0.074054
-0.029464
0.01461
0.057311
0.0981
0.1363
0.17163
0.20402
0.22832
0.25088
0.27104
0.28762
0.29943
0.30581
0.30619
0.30017
0.28239
0.25346
0.21397
0.16508
0.10133
0.030773
-0.043265
-0.11711
-0.18478
-0.24527
-0.29541
-0.33252
-0.35387
-0.36093
-0.35439
-0.33606
-0.31321
-0.28476
-0.252
-0.21621
-0.1762
-0.13574
-0.096256
-0.059014
-0.021289
0.010909
0.037121
0.057468
0.069541
0.078164
0.083364
0.085227
0.083877
0.079437
0.072099
0.062129
0.047023
0.029174
0.0093179
-0.011711
-0.037324
-0.061789
-0.08358
-0.1013
-0.11295
-0.11943
-0.12023
-0.11518
-0.10486
-0.089467
-0.06954
-0.045866
-0.013085
0.021759
0.056369
0.088339
0.11221
0.13094
0.14338
0.1487
0.14687
0.13835
0.12332
0.10228
0.073465
0.0398
0.0029107
-0.035309
-0.067601
-0.098091
-0.12552
-0.14875
-0.16758
-0.17959
-0.18405
-0.18058
-0.16887
-0.14913
-0.12202
-0.088569
-0.043208
0.0063798
0.057291
0.10638
0.14684
0.18095
0.20673
0.22263
0.22722
0.2265
0.22034
0.20882
0.19227
0.17125
0.14626
0.11782
0.088973
0.058001
0.025213
-0.0089783
-0.043999
-0.079087
-0.11348
-0.14643
-0.1826
-0.21457
-0.24128
-0.26184
-0.27788
-0.28192
-0.27336
-0.25225
-0.21852
-0.17358
-0.11916
-0.057548
0.015286
0.08958
0.16119
0.22598
0.26279
0.29399
0.3187
0.33621
0.34603
0.3483
0.34346
0.33217
0.31143
0.28398
0.25122
0.21457
0.17264
0.12958
0.086968
0.046201
0.0060817
-0.029239
-0.058731
-0.081712
-0.096981
-0.10595
-0.10863
-0.10518
-0.097677
-0.086196
-0.071007
-0.052446
-0.030843
-0.0067773
0.018947
0.045476
0.067032
0.088061
0.10811
0.12673
0.15186
0.17124
0.18373
0.18854
0.18498
0.17259
0.15165
0.1229
0.084527
0.04028
-0.0076248
-0.056636
-0.10639
-0.15126
-0.18833
-0.2151
-0.22586
-0.23125
-0.23103
-0.22509
-0.21353
-0.19678
-0.17537
-0.14984
-0.11909
-0.085034
-0.048317
-0.009543
0.016394
0.042778
0.069317
0.095677
0.12151
0.14649
0.17029
0.19261
0.22974
0.25873
0.27807
0.28668
0.28333
0.26677
0.23729
0.19592
0.13995
0.074666
0.003249
-0.070607
-0.14441
-0.21242
-0.27057
-0.31533
-0.3416
-0.35313
-0.35022
-0.33455
-0.30942
-0.27626
-0.23709
-0.1939
-0.15088
-0.10766
-0.065761
-0.026479
0.011088
0.043311
0.069315
0.08855
0.1007
0.1057
0.10362
0.094779
0.077893
0.054305
0.025401
-0.007001
-0.03713
-0.067121
-0.095624
-0.12134
-0.14526
-0.16277
-0.17271
-0.17432
-0.16774
-0.15318
-0.13105
-0.10218
-0.063547
-0.02
0.026148
0.072296
0.11599
0.15431
0.18479
0.20546
0.21435
0.21369
0.20317
0.18305
0.15954
0.13072
0.09722
0.059841
0.022847
-0.015711
-0.054804
-0.093371
-0.12522
-0.15523
-0.18276
-0.20722
-0.23614
-0.25602
-0.26573
-0.26463
-0.2517
-0.22691
-0.19101
-0.14534
-0.08426
-0.016264
0.054963
0.12535
0.18832
0.24309
0.28641
0.31566
0.32853
0.32791
0.31476
0.29087
0.26355
0.23111
0.19484
0.156
0.11131
0.066536
0.023109
-0.017796
-0.055299
-0.088502
-0.11686
-0.14013
-0.16004
-0.17382
-0.18203
-0.1855
-0.18525
-0.18306
-0.18012
-0.17687
-0.17352
-0.16866
-0.16175
-0.15239
-0.13897
-0.12224
-0.10234
-0.079542
-0.049494
-0.017108
0.016389
0.04965
0.078821
0.10545
0.12846
0.14691
0.16039
0.16739
0.16742
0.16034
0.14571
0.12407
0.096166
0.063102
0.026559
-0.012209
-0.051556
-0.089757
-0.12092
-0.14874
-0.1722
-0.19041
-0.20381
-0.20862
-0.20434
-0.19093
-0.16829
-0.13729
-0.099078
-0.055219
-0.00029538
0.056468
0.11173
0.16212
0.2005
0.2303
0.24978
0.25773
0.25392
0.23924
0.21477
0.182
0.14773
0.10937
0.067939
0.024359
-0.01404
-0.053001
-0.092258
-0.13131
-0.16929
-0.20496
-0.23711
-0.26468
-0.29275
-0.30914
-0.31252
-0.30225
-0.277
-0.23754
-0.18525
-0.12234
-0.047235
0.0328
0.11353
0.1905
0.24055
0.28494
0.32229
0.35142
0.37135
0.38175
0.38293
0.37572
0.36115
0.34019
0.31399
0.2837
0.24605
0.20645
0.16659
0.12802
0.093177
0.060314
0.02934
0.00025307
-0.023381
-0.045186
-0.064897
-0.082263
-0.097501
-0.10965
-0.11848
-0.1238
-0.12544
-0.12205
-0.11371
-0.1007
-0.081333
-0.057526
-0.030254
-0.00070594
0.030232
0.060723
0.089316
0.11462
0.1351
0.15006
0.15864
0.16029
0.15476
0.14206
0.12252
0.096853
0.062126
0.022747
-0.019231
-0.061491
-0.10314
-0.13984
-0.16914
-0.18904
-0.19752
-0.19714
-0.18762
-0.16918
-0.14195
-0.10714
-0.066143
-0.020765
0.023494
0.067999
0.11093
0.15049
0.18254
0.20901
0.22881
0.24112
0.24528
0.23854
0.22083
0.1927
0.15272
0.10384
0.04821
-0.011558
-0.077182
-0.14044
-0.19757
-0.24509
-0.27692
-0.29671
-0.30347
-0.29723
-0.28116
-0.25662
-0.22505
-0.18789
-0.14716
-0.10385
-0.059307
-0.014681
0.031591
0.075786
0.11713
0.15519
0.1828
0.20835
0.2322
0.25423
0.27352
0.28864
0.29858
0.3025
0.29881
0.28584
0.26348
0.23203
0.18526
0.12895
0.065289
-0.00301
-0.077511
-0.14989
-0.21621
-0.27278
-0.3129
-0.33999
-0.35303
-0.35225
-0.34054
-0.31979
-0.29155
-0.25744
-0.21912
-0.17832
-0.1367
-0.09573
-0.052632
-0.013736
0.019527
0.046109
0.062938
0.074945
0.082264
0.085123
0.084159
0.080096
0.073145
0.063577
0.048889
0.031416
0.011853
-0.0090134
-0.035939
-0.06193
-0.08533
-0.1046
-0.11763
-0.12513
-0.1265
-0.12151
-0.11098
-0.0951
-0.074401
-0.049708
-0.01566
0.020648
0.05686
0.090496
0.11592
0.13608
0.14972
0.15598
0.15472
0.14644
0.13127
0.10975
0.080158
0.045387
0.0070862
-0.032804
-0.066272
-0.098099
-0.12702
-0.15189
-0.1728
-0.18679
-0.19302
-0.19103
-0.18041
-0.16129
-0.13426
-0.10034
-0.054485
-0.003809
0.04883
0.1003
0.14403
0.18169
0.2111
0.23057
0.23777
0.23848
0.23258
0.22024
0.20197
0.17845
0.15037
0.11843
0.086369
0.05216
0.016287
-0.020823
-0.047368
-0.074111
-0.10073
-0.12689
-0.15223
-0.17641
-0.1991
-0.22
-0.25437
-0.27911
-0.29274
-0.29433
-0.28267
-0.25742
-0.21929
-0.16972
-0.10447
-0.031173
0.046303
0.12365
0.19572
0.25908
0.30988
0.34492
0.36121
0.36311
0.35183
0.32928
0.30183
0.26883
0.2319
0.19256
0.15164
0.11134
0.0731
0.038119
0.0045093
-0.023833
-0.046934
-0.064893
-0.076924
-0.084562
-0.087792
-0.086742
-0.082284
-0.074666
-0.06415
-0.051088
-0.031985
-0.010505
0.012352
0.035484
0.059744
0.081548
0.099555
0.11263
0.11953
0.12103
0.11689
0.10714
0.092181
0.07249
0.048826
0.02219
-0.012342
-0.047246
-0.080167
-0.10879
-0.12822
-0.14185
-0.14881
-0.14858
-0.14153
-0.12789
-0.10806
-0.082792
-0.050829
-0.015253
0.022229
0.059732
0.090326
0.11831
0.14255
0.16205
0.17683
0.18424
0.18371
0.1751
0.15821
0.13361
0.10218
0.065169
0.016989
-0.033871
-0.084373
-0.13136
-0.16793
-0.19723
-0.21757
-0.22769
-0.22811
-0.22225
-0.21027
-0.19256
-0.1697
-0.14235
-0.11115
-0.076741
-0.051231
-0.024649
0.0028307
0.030965
0.059403
0.087711
0.11548
0.1423
0.18053
0.21431
0.24244
0.26388
0.27973
0.28339
0.27426
0.25241
0.21789
0.17213
0.11689
0.054525
-0.018783
-0.093364
-0.16506
-0.22972
-0.26664
-0.29776
-0.32219
-0.3392
-0.34833
-0.34981
-0.34413
-0.33198
-0.3093
-0.27953
-0.24429
-0.2052
-0.16289
-0.11991
-0.077816
-0.037967
0.00067656
0.034215
0.061685
0.082461
0.095769
0.1024
0.10237
0.095918
0.081299
0.059731
0.032563
0.0015186
-0.026198
-0.054193
-0.081332
-0.1065
-0.13199
-0.1519
-0.16496
-0.17031
-0.16766
-0.15712
-0.13892
-0.11368
-0.079737
-0.040382
0.0024467
0.046505
0.092353
0.13394
0.1685
0.19367
0.20639
0.20987
0.20367
0.18781
0.16315
0.13053
0.091025
0.04612
0.0031386
-0.041134
-0.08511
-0.12718
-0.16057
-0.19041
-0.21584
-0.23606
-0.25338
-0.26008
-0.25554
-0.23968
-0.21222
-0.17425
-0.12714
-0.072844
-0.006143
0.063077
0.13093
0.19345
0.23257
0.2658
0.29202
0.31033
0.32006
0.32112
0.31397
0.29943
0.27819
0.25136
0.22001
0.18521
0.14355
0.10034
0.056934
0.014481
-0.024795
-0.061448
-0.094873
-0.12468
-0.15257
-0.17593
-0.19495
-0.21002
-0.22191
-0.23117
-0.23773
-0.24058
-0.23876
-0.23215
-0.22027
-0.20288
-0.17753
-0.14604
-0.10916
-0.067917
-0.015966
0.037813
0.090855
0.14054
0.18015
0.2132
0.23815
0.25381
0.25917
0.25324
0.23656
0.21047
0.17607
0.13518
0.089398
0.040179
0.0047719
-0.031246
-0.067537
-0.1038
-0.13971
-0.17447
-0.20711
-0.23672
-0.2629
-0.28424
-0.30004
-0.30975
-0.31212
-0.29932
-0.27131
-0.22902
-0.17219
-0.10446
-0.029045
0.050254
0.13035
0.20572
0.27204
0.32542
0.35969
0.37851
0.38195
0.37154
0.35273
0.32634
0.29399
0.25732
0.22697
0.19582
0.1646
0.13402
0.11123
0.089446
0.068675
0.048849
0.02989
0.011822
-0.0053275
-0.021517
-0.040281
-0.057315
-0.072461
-0.085574
-0.098324
-0.10776
-0.1137
-0.11605
-0.11429
-0.10785
-0.09692
-0.081874
-0.060428
-0.035269
-0.0075159
0.021535
0.050424
0.077827
0.10238
0.12284
0.13786
0.14706
0.14981
0.14584
0.13516
0.11802
0.094995
0.066975
0.028781
-0.012575
-0.054577
-0.094535
-0.12647
-0.15283
-0.17203
-0.18292
-0.18489
-0.17855
-0.16392
-0.14146
-0.10997
-0.071924
-0.02901
0.016711
0.054522
0.091424
0.12614
0.15746
0.187
0.20947
0.2237
0.22889
0.2243
0.20943
0.18461
0.15072
0.10458
0.051264
-0.0065971
-0.065958
-0.12577
-0.18011
-0.22557
-0.25924
-0.27717
-0.28285
-0.27624
-0.25833
-0.23478
-0.20496
-0.17007
-0.13126
-0.08964
-0.046322
-0.0022943
0.041627
0.075747
0.1091
0.1415
0.17282
0.20304
0.23155
0.25745
0.27985
0.29485
0.30659
0.31474
0.31904
0.31677
0.30154
0.27338
0.23298
0.17572
0.10763
0.031866
-0.04781
-0.12798
-0.20357
-0.27031
-0.32436
-0.35955
-0.37943
-0.38397
-0.37466
-0.3565
-0.33051
-0.29838
-0.26178
-0.22259
-0.1824
-0.14285
-0.10525
-0.075018
-0.046459
-0.019546
0.0056892
0.028196
0.048812
0.067305
0.083455
0.097772
0.10894
0.11674
0.12102
0.12149
0.11705
0.10782
0.094121
0.074088
0.049866
0.022476
-0.0068629
-0.037121
-0.066583
-0.093824
-0.1175
-0.13614
-0.14914
-0.15573
-0.15546
-0.14816
-0.13392
-0.11317
-0.086673
-0.050872
-0.010898
0.031068
0.072603
0.11004
0.14259
0.16828
0.18551
0.19285
0.19162
0.18159
0.16301
0.13565
0.10096
0.060339
0.015592
-0.024352
-0.064451
-0.1033
-0.13952
-0.17214
-0.19942
-0.2202
-0.23361
-0.2391
-0.23403
-0.21828
-0.19229
-0.15489
-0.10868
-0.055624
0.0018147
0.065949
0.12831
0.1852
0.23313
0.25866
0.27796
0.29039
0.29548
0.29316
0.28399
0.26861
0.24771
0.21429
0.17483
0.13102
0.084425
0.035939
-0.012511
-0.05976
-0.10497
-0.14386
-0.18048
-0.21513
-0.24739
-0.27116
-0.2908
-0.30534
-0.31395
-0.31557
-0.3066
-0.28678
-0.25637
-0.20966
-0.1518
-0.08509
-0.012479
0.066308
0.14377
0.21572
0.27816
0.32375
0.35589
0.37334
0.37621
0.36721
0.34862
0.32207
0.28928
0.25204
0.21219
0.17154
0.13173
0.099099
0.0685
0.03986
0.013149
-0.011624
-0.034287
-0.054602
-0.072343
-0.086353
-0.097692
-0.10617
-0.11167
-0.11421
-0.11226
-0.10587
-0.095257
-0.079037
-0.058708
-0.035069
-0.0091079
0.020184
0.04943
0.077137
0.10186
0.12154
0.13618
0.1449
0.14717
0.1428
0.13183
0.11455
0.091562
0.060418
0.024885
-0.013218
-0.051818
-0.091226
-0.12611
-0.15405
-0.17306
-0.18106
-0.1809
-0.1723
-0.15547
-0.13062
-0.098842
-0.061389
-0.019901
0.018739
0.057686
0.095497
0.13074
0.16228
0.18849
0.20824
0.22062
0.22501
0.21942
0.20378
0.17854
0.1425
0.098232
0.047668
-0.0068322
-0.06754
-0.12624
-0.17938
-0.22367
-0.2454
-0.26199
-0.27294
-0.2779
-0.2767
-0.2696
-0.25704
-0.23955
-0.21078
-0.17612
-0.13687
-0.094253
-0.049891
-0.0044661
0.041088
0.086052
0.12853
0.16961
0.20864
0.2443
0.26923
0.2899
0.30553
0.31551
0.3191
0.30979
0.28735
0.25223
0.19997
0.13573
0.062414
-0.016379
-0.097336
-0.1754
-0.24625
-0.30585
-0.34726
-0.374
-0.38546
-0.38248
-0.36597
-0.33809
-0.3015
-0.25891
-0.21955
-0.17963
-0.14078
-0.10389
-0.070873
-0.039293
-0.0092796
0.018975
0.042017
0.063134
0.08201
0.098353
0.11305
0.12399
0.13091
0.13362
0.13152
0.1239
0.11098
0.093205
0.068069
0.038648
0.0062838
-0.027463
-0.058599
-0.088136
-0.11475
-0.13723
-0.15481
-0.166
-0.17009
-0.16672
-0.15572
-0.13732
-0.11211
-0.081071
-0.038949
0.0070374
0.054182
0.099557
0.13678
0.16808
0.19162
0.20598
0.21025
0.20513
0.19054
0.16692
0.14031
0.10863
0.072625
0.033263
-0.0082886
-0.050654
-0.092436
-0.13223
-0.16605
-0.19596
-0.22101
-0.2404
-0.25569
-0.26013
-0.25319
-0.23489
-0.20495
-0.16465
-0.11552
-0.059605
0.0079028
0.077142
0.1442
0.20514
0.23987
0.26944
0.29298
0.3098
0.31938
0.3216
0.31676
0.30547
0.28755
0.2642
0.23631
0.20481
