0
-5.0478e-08
-2.0192e-07
-4.5433e-07
-8.0772e-07
-4.0897e-06
-9.8975e-06
-1.8232e-05
-2.9095e-05
-0.00012137
-0.00027701
-0.00049615
-0.00077892
-0.0031519
-0.0071347
-0.012742
-0.019988
-0.049529
-0.092564
-0.14928
-0.21988
-0.31235
-0.42082
-0.54452
-0.68234
-0.93514
-1.2137
-1.5082
-1.8075
-2.1325
-2.4319
-2.6894
-2.8908
-3.0295
-3.082
-3.0421
-2.9098
-2.7135
-2.4521
-2.136
-1.7792
-1.4134
-1.0413
-0.67888
-0.34029
-0.026748
0.23633
0.43988
0.5781
0.64357
0.65284
0.60596
0.50401
0.3911
0.24861
0.077777
-0.12028
-0.34399
-0.59039
-0.8558
-1.1359
-1.5255
-1.9189
-2.3018
-2.6598
-3.0157
-3.3032
-3.5059
-3.612
-3.6121
-3.4966
-3.2675
-2.9345
-2.5515
-2.1096
-1.6266
-1.1224
-0.59902
-0.09329
0.37827
0.80364
1.062
1.2929
1.4954
1.6692
1.8144
1.9324
2.0245
2.0911
2.1298
2.149
2.1495
2.1321
2.0938
2.0366
1.9624
1.8733
1.7504
1.6136
1.4674
1.3169
1.1491
0.98918
0.84402
0.71992
0.61123
0.54412
0.52367
0.55224
0.61934
0.72423
0.86383
1.0333
1.2345
1.4532
1.6803
1.9058
2.1225
2.3171
2.4799
2.6029
2.6879
2.7007
2.6374
2.4999
2.3183
2.0892
1.8226
1.5312
1.3139
1.0967
0.88542
0.68579
0.50328
0.34291
0.20909
0.10553
0.040796
0.0052195
0.00021841
0.026741
0.085033
0.17452
0.294
0.44153
0.68538
0.9688
1.2815
1.6116
1.9646
2.3064
2.6212
2.894
3.1265
3.2794
3.3415
3.3073
3.1699
2.9325
2.6048
2.2031
1.7966
1.3651
0.927
0.49959
0.11019
-0.2429
-0.55003
-0.80463
-0.99304
-1.1289
-1.212
-1.2439
-1.2256
-1.1591
-1.0499
-0.90444
-0.71455
-0.49897
-0.2661
-0.023196
0.19103
0.40446
0.61444
0.81945
0.96587
1.1094
1.2503
1.3876
1.5202
1.6472
1.7673
1.8791
2.0198
2.137
2.2269
2.2868
2.3157
2.3017
2.2446
2.1468
2.0308
1.8904
1.7306
1.5572
1.3657
1.1743
0.99156
0.82551
0.67567
0.56189
0.49107
0.46777
0.49017
0.55494
0.66069
0.80407
0.9851
1.1937
1.4216
1.6594
1.9014
2.1322
2.3409
2.5177
2.6654
2.7535
2.7749
2.7267
2.6012
2.4036
2.1431
1.834
1.62
1.3985
1.1747
0.95428
0.74265
0.54518
0.36668
0.21136
0.077899
-0.022675
-0.087371
-0.11388
-0.10888
-0.083961
-0.038885
0.026174
0.11076
0.21424
0.33567
0.4738
0.75624
1.0766
1.4228
1.7814
2.1559
2.5104
2.8276
3.0921
3.3065
3.4252
3.438
3.3413
3.1383
2.8362
2.4481
1.9938
1.5475
1.0858
0.62753
0.18858
-0.15308
-0.46501
-0.74183
-0.97987
-1.1899
-1.3512
-1.4639
-1.5304
-1.5541
-1.5326
-1.4734
-1.385
-1.2813
-1.1677
-1.0524
-0.94252
-0.84882
-0.77147
-0.71488
-0.68252
-0.67787
-0.70785
-0.77274
-0.87095
-1.0111
-1.1807
-1.3719
-1.5755
-1.7689
-1.9552
-2.1255
-2.2715
-2.3935
-2.4707
-2.4973
-2.4706
-2.3806
-2.2301
-2.0262
-1.7809
-1.5516
-1.3132
-1.0765
-0.8526
-0.65363
-0.48787
-0.36404
-0.28884
-0.26665
-0.2921
-0.36564
-0.48551
-0.63863
-0.82587
-1.0416
-1.279
-1.5622
-1.8508
-2.1319
-2.3931
-2.6301
-2.8198
-2.9516
-3.0177
-3.0086
-2.9095
-2.7226
-2.4568
-2.2349
-1.9873
-1.7204
-1.4412
-1.1572
-0.87619
-0.60572
-0.35224
-0.10829
0.10393
0.2794
0.41435
0.51077
0.55548
0.54734
0.48634
0.40088
0.28334
0.13465
-0.044301
-0.25211
-0.48593
-0.74219
-1.0165
-1.4083
-1.8096
-2.2052
-2.5795
-2.9545
-3.2626
-3.486
-3.6112
-3.6288
-3.5298
-3.3153
-2.9943
-2.6193
-2.1821
-1.7006
-1.1947
-0.69665
-0.21152
0.24616
0.66533
1.012
1.3136
1.5676
1.7739
1.9362
2.0535
2.1269
2.1589
2.1561
2.1276
2.0751
2.0011
1.9067
1.7957
1.6714
1.5374
1.3726
1.2063
1.0451
0.89542
0.75236
0.63779
0.55795
0.51739
0.51895
0.56397
0.65194
0.78004
0.94382
1.137
1.352
1.5798
1.812
2.0368
2.2437
2.4229
2.5761
2.6766
2.7171
2.694
2.5974
2.4291
2.1968
1.913
1.6384
1.3493
1.0588
0.78024
0.5505
0.35012
0.18688
0.067161
-0.0069917
-0.020022
0.030931
0.14588
0.28436
0.46027
0.6696
0.90716
1.232
1.5777
1.9295
2.2723
2.5969
2.8804
3.1084
3.2691
3.3584
3.3438
3.2221
2.9976
2.7107
2.3571
1.9515
1.5121
1.1364
0.76227
0.40005
0.05842
-0.29265
-0.59918
-0.85454
-1.0549
-1.1934
-1.2804
-1.3178
-1.3086
-1.2553
-1.1632
-1.0385
-0.88782
-0.69173
-0.48061
-0.2641
-0.050316
0.13659
0.3109
0.46932
0.61001
0.73753
0.84528
0.93501
1.0099
1.0488
1.085
1.1196
1.1534
1.1871
1.2211
1.2557
1.2912
1.3398
1.3897
1.4403
1.4909
1.5511
1.6082
1.6601
1.705
1.7498
1.7768
1.7836
1.7693
1.7395
1.6946
1.6367
1.5689
1.504
1.437
1.3709
1.3085
1.2518
1.2049
1.1704
1.1502
1.147
1.1707
1.2209
1.2943
1.3686
1.4518
1.5402
1.6293
1.709
1.7817
1.8437
1.8921
1.9282
1.9389
1.9222
1.8787
1.8172
1.7375
1.6428
1.5379
1.4349
1.332
1.2337
1.1446
1.0657
1.006
0.96916
0.95754
0.97545
1.0259
1.1072
1.2151
1.3276
1.4515
1.5815
1.7114
1.8327
1.9425
2.0354
2.1067
2.1585
2.1701
2.1392
2.0667
1.9681
1.8423
1.6946
1.5323
1.3745
1.2178
1.0694
0.93619
0.81894
0.73249
0.6823
0.6718
0.70092
0.76877
0.87343
1.0109
1.1707
1.3498
1.5408
1.7356
1.9264
2.1033
2.258
2.3828
2.481
2.5243
2.5081
2.4317
2.3043
2.1289
1.9133
1.6682
1.4295
1.1872
0.95203
0.73495
0.54117
0.38788
0.28383
0.23525
0.24102
0.29262
0.38947
0.52912
0.71233
0.93038
1.176
1.4405
1.7378
2.033
2.3126
2.5638
2.7859
2.9497
3.0451
3.0653
2.9997
2.8433
2.6018
2.2871
2.0465
1.7865
1.5135
1.2342
0.95555
0.68435
0.4268
0.1883
-0.083029
-0.30653
-0.47562
-0.58609
-0.63561
-0.62307
-0.54889
-0.41464
-0.28468
-0.12678
0.057737
0.26738
0.50006
0.75241
1.0205
1.3
1.7009
2.0991
2.4792
2.8257
3.1546
3.4053
3.5625
3.6162
3.5587
3.3865
3.1047
2.7261
2.3105
1.8462
1.3523
0.84818
0.39954
-0.03055
-0.43198
-0.79714
-1.04
-1.2583
-1.4513
-1.6184
-1.76
-1.8769
-1.9704
-2.0411
-2.0883
-2.1156
-2.1238
-2.1137
-2.0825
-2.0318
-1.9631
-1.8787
-1.7654
-1.6381
-1.5011
-1.3587
-1.197
-1.0411
-0.89763
-0.77281
-0.66101
-0.5868
-0.55536
-0.56945
-0.62375
-0.71681
-0.84591
-1.0065
-1.1967
-1.4058
-1.625
-1.845
-2.0581
-2.2519
-2.4169
-2.5451
-2.6395
-2.6659
-2.6197
-2.502
-2.3373
-2.1242
-1.8721
-1.5928
-1.3192
-1.0459
-0.78533
-0.54945
-0.37747
-0.23732
-0.13404
-0.071931
-0.054202
-0.083195
-0.15928
-0.28106
-0.42984
-0.61118
-0.8209
-1.0539
-1.3728
-1.7062
-2.0401
-2.3597
-2.6565
-2.9089
-3.1037
-3.2308
-3.2838
-3.2355
-3.0845
-2.8371
-2.6174
-2.3626
-2.0787
-1.7727
-1.4523
-1.126
-0.80195
-0.48741
-0.17922
0.10539
0.36098
0.58335
0.78742
0.94382
1.0511
1.1094
1.1202
1.086
1.0101
0.89633
0.73094
0.53059
0.30162
0.049769
-0.21861
-0.50009
-0.79046
-1.0869
-1.3422
-1.5946
-1.8387
-2.0693
-2.2962
-2.4936
-2.6549
-2.7747
-2.8565
-2.8695
-2.8115
-2.6842
-2.516
-2.3016
-2.0486
-1.7663
-1.4516
-1.13
-0.81536
-0.52052
-0.25854
-0.03798
0.13286
0.24792
0.2932
0.30721
0.28916
0.23859
0.15545
0.039787
-0.1076
-0.28468
-0.44959
-0.63076
-0.82609
-1.0332
-1.4339
-1.8473
-2.2544
-2.636
-2.9756
-3.2521
-3.4497
-3.5571
-3.5643
-3.4564
-3.2352
-2.9101
-2.5353
-2.1015
-1.6269
-1.1314
-0.63801
-0.16118
0.28412
0.68669
1.0062
1.2799
1.5056
1.6834
1.7425
1.7943
1.8387
1.8763
1.907
1.9313
1.9492
1.961
1.9675
1.954
1.9221
1.8737
1.8105
1.7346
1.6483
1.554
1.4321
1.3068
1.1826
1.0643
0.94687
0.84731
0.7705
0.72029
0.69896
0.71923
0.7817
0.88422
1.0149
1.1728
1.3512
1.542
1.7305
1.914
2.0839
2.2322
2.3597
2.4458
2.4844
2.4723
2.3987
2.2637
2.0736
1.8392
1.6162
1.3811
1.1446
0.91786
0.71531
0.54252
0.4083
0.31964
0.28233
0.2935
0.35418
0.46307
0.60161
0.7739
0.97506
1.199
1.4741
1.7582
2.039
2.304
2.5473
2.7487
2.8974
2.9851
3.0043
2.9343
2.7758
2.5359
2.2618
1.9432
1.5937
1.2292
0.87684
0.54136
0.23628
-0.02757
-0.23505
-0.38929
-0.48566
-0.52153
-0.50677
-0.45436
-0.36464
-0.23821
-0.076177
0.12036
0.34923
0.60641
0.8505
1.1087
1.3769
1.6504
2.0777
2.4865
2.8575
3.1727
3.4308
3.5892
3.6356
3.5648
3.3788
3.0833
2.6903
2.2191
1.7417
1.2392
0.73201
0.23723
-0.1514
-0.51413
-0.84517
-1.1405
-1.4179
-1.6487
-1.8329
-1.9726
-2.0688
-2.1261
-2.146
-2.1308
-2.0929
-2.0336
-1.9551
-1.8599
-1.7366
-1.6
-1.4545
-1.305
-1.1381
-0.97962
-0.83626
-0.71433
-0.60823
-0.54418
-0.52714
-0.55931
-0.62939
-0.73692
-0.87868
-1.0497
-1.2521
-1.4712
-1.6979
-1.9222
-2.1369
-2.3287
-2.4881
-2.6072
-2.6873
-2.695
-2.6268
-2.485
-2.3007
-2.0699
-1.8028
-1.5121
-1.2941
-1.0768
-0.86601
-0.66759
-0.48699
-0.32927
-0.19881
-0.099357
-0.045677
-0.013733
-0.0044702
-0.018561
-0.05629
-0.11749
-0.20165
-0.30785
-0.50973
-0.75378
-1.0321
-1.3353
-1.6831
-2.0325
-2.3678
-2.6734
-2.9458
-3.1547
-3.2877
-3.3363
-3.2894
-3.1384
-2.888
-2.5498
-2.1832
-1.7743
-1.3404
-0.89995
-0.52023
-0.16004
0.17126
0.46638
0.71978
0.92714
1.086
1.1957
1.2585
1.2716
1.2388
1.1646
1.061
0.93013
0.77743
0.60806
0.39506
0.17407
-0.047866
-0.26525
-0.45174
-0.62891
-0.79553
-0.9515
-1.0607
-1.1652
-1.2658
-1.3624
-1.4545
-1.542
-1.6242
-1.7003
-1.7937
-1.8719
-1.9326
-1.9743
-1.9962
-1.9946
-1.9693
-1.9213
-1.8609
-1.7859
-1.6985
-1.6015
-1.4875
-1.3707
-1.2558
-1.1479
-1.0475
-0.9651
-0.90523
-0.8712
-0.86633
-0.8978
-0.96522
-1.0657
-1.1812
-1.3153
-1.4621
-1.6151
-1.7637
-1.9046
-2.0312
-2.1375
-2.2256
-2.2759
-2.2842
-2.2489
-2.1628
-2.0303
-1.8581
-1.6563
-1.4724
-1.2845
-1.1011
-0.9308
-0.7804
-0.65977
-0.57565
-0.53292
-0.53382
-0.57767
-0.66391
-0.78976
-0.94974
-1.1385
-1.3486
-1.5713
-1.8002
-2.022
-2.2266
-2.4044
-2.557
-2.6582
-2.7007
-2.6808
-2.5884
-2.4248
-2.1973
-1.9185
-1.6482
-1.3631
-1.076
-0.80015
-0.55223
-0.33951
-0.17203
-0.05831
-0.036136
-0.019351
-0.0080798
-0.0024193
-0.0024441
-0.0082134
-0.019761
-0.037096
-0.087676
-0.16
-0.25338
-0.36679
-0.58759
-0.8494
-1.1433
-1.4588
-1.8104
-2.1579
-2.4855
-2.7779
-3.0341
-3.2198
-3.3228
-3.336
-3.249
-3.059
-2.7729
-2.4045
-2.0179
-1.5964
-1.1579
-0.72035
-0.33928
0.01647
0.33776
0.61774
0.8515
1.0355
1.1681
1.2497
1.2826
1.2618
1.1925
1.0814
0.94258
0.77881
0.59686
0.40307
0.18946
-0.024104
-0.23193
-0.42991
-0.59298
-0.74508
-0.8859
-1.0161
-1.1204
-1.219
-1.3132
-1.4026
-1.487
-1.566
-1.6388
-1.7046
-1.774
-1.8302
-1.8714
-1.8968
-1.9055
-1.8956
-1.8672
-1.8215
-1.7656
-1.6982
-1.6215
-1.5382
-1.4432
-1.3477
-1.2559
-1.1718
-1.0951
-1.0356
-0.99694
-0.98143
-0.99353
-1.0379
-1.113
-1.215
-1.3216
-1.4399
-1.5645
-1.6899
-1.8066
-1.9129
-2.0035
-2.074
-2.1264
-2.1413
-2.1164
-2.0521
-1.9618
-1.8449
-1.7063
-1.5528
-1.4023
-1.252
-1.1085
-0.97858
-0.86358
-0.7768
-0.72353
-0.70726
-0.72941
-0.79006
-0.88758
-1.0181
-1.1691
-1.3394
-1.522
-1.7088
-1.8919
-2.0625
-2.2125
-2.3346
-2.4318
-2.4777
-2.4676
-2.4007
-2.2818
-2.1148
-1.9073
-1.67
-1.4418
-1.2097
-0.98411
-0.77546
-0.5894
-0.44157
-0.34037
-0.29179
-0.29574
-0.34527
-0.43983
-0.57691
-0.75761
-0.97277
-1.2149
-1.4749
-1.7597
-2.041
-2.306
-2.5424
-2.7502
-2.9004
-2.9835
-2.9934
-2.9196
-2.7587
-2.5169
-2.2063
-1.9823
-1.7422
-1.4914
-1.2355
-0.98052
-0.73221
-0.49597
-0.27653
-0.013367
0.20226
0.36325
0.46488
0.50372
0.48583
0.41094
0.27973
0.2197
0.15275
0.07898
-0.0014804
-0.088463
-0.18174
-0.28103
-0.38603
-0.67073
-0.98215
-1.3125
-1.6532
-2.0826
-2.4935
-2.8658
-3.1814
-3.4379
-3.5939
-3.6373
-3.5628
-3.3731
-3.074
-2.6779
-2.2041
-1.7251
-1.2215
-0.71391
-0.21921
0.17072
0.53424
0.86556
1.1607
1.4381
1.6682
1.8513
1.9892
2.0843
2.1386
2.1538
2.1324
2.0897
2.0261
1.9436
1.8447
1.7164
1.5751
1.4256
1.273
1.1049
0.94653
0.80489
0.68621
0.58499
0.52827
0.52081
0.5644
0.64373
0.75955
0.90835
1.085
1.2933
1.5167
1.7457
1.9704
2.1834
2.3713
2.5248
2.6359
2.7046
2.6998
2.6188
2.4646
2.271
2.0328
1.7603
1.4663
1.2483
1.0321
0.82356
0.6281
0.45105
0.29719
0.17071
0.075096
0.021692
-0.0073547
-0.011016
0.011413
0.060161
0.13489
0.23484
0.35874
0.5843
0.85179
1.152
1.4738
1.8289
2.1789
2.508
2.8007
3.056
3.239
3.3378
3.3453
3.2514
3.0543
2.7613
2.3866
1.995
1.5695
1.1281
0.68873
0.30582
-0.05091
-0.37238
-0.65185
-0.88454
-1.0671
-1.198
-1.2778
-1.309
-1.2873
-1.2181
-1.1082
-0.97154
-0.81127
-0.63436
-0.44736
-0.24123
-0.037752
0.15694
0.33831
0.48272
0.61307
0.72876
0.83005
0.90513
0.97166
1.031
1.0848
1.1349
1.1829
1.2297
1.2763
1.322
1.3678
1.4136
1.4591
1.5137
1.566
1.6146
1.6585
1.7042
1.7382
1.7587
1.7645
1.7551
1.7304
1.6915
1.6402
1.5872
1.5288
1.4673
1.4055
1.3451
1.2899
1.2425
1.2052
1.177
1.1676
1.1783
1.2091
1.254
1.3129
1.3834
1.4621
1.5398
1.6179
1.693
1.7615
1.8224
1.8693
1.8993
1.9107
1.902
1.8727
1.8235
1.7564
1.6744
1.581
1.4806
1.378
1.2841
1.1971
1.1214
1.0604
1.0127
0.99243
1.002
1.0416
1.1055
1.1927
1.2993
1.42
1.5383
1.6582
1.7744
1.8815
1.9771
2.0525
2.1034
2.1266
2.1149
2.0573
1.9561
1.8174
1.6819
1.5332
1.3783
1.2247
1.0868
0.96354
0.86099
0.78423
0.73409
0.72493
0.75884
0.83503
0.94097
1.0769
1.2372
1.415
1.5963
1.7785
1.9533
2.1129
2.255
2.3642
2.434
2.4599
2.4324
2.3426
2.1936
1.9936
1.7911
1.5685
1.336
1.1044
0.8913
0.69962
0.53869
0.4165
0.33948
0.31264
0.33884
0.41819
0.52301
0.66073
0.82793
1.0201
1.2716
1.5401
1.8145
2.0831
2.34
2.5659
2.7495
2.8815
2.9603
2.9537
2.8584
2.6781
2.4489
2.166
1.8415
1.4903
1.1442
0.80411
0.48485
0.19855
-0.009573
-0.18151
-0.313
-0.40099
-0.43565
-0.44721
-0.43538
-0.40001
-0.3411
-0.25884
-0.15356
-0.025667
0.15034
0.35367
0.5814
0.8299
1.2165
1.6223
2.031
2.4254
2.8114
3.1409
3.3956
3.561
3.6273
3.5777
3.4107
3.1326
2.8899
2.6074
2.2915
1.9491
1.5881
1.2169
0.84336
0.47458
0.054298
-0.34107
-0.70385
-1.0286
-1.3114
-1.5504
-1.7452
-1.8976
-2.0031
-2.0758
-2.117
-2.1283
-2.1132
-2.0748
-2.0147
-1.9353
-1.8343
-1.718
-1.5902
-1.4548
-1.2938
-1.1346
-0.98377
-0.84745
-0.72034
-0.62516
-0.56761
-0.55144
-0.57722
-0.64426
-0.75099
-0.89373
-1.0682
-1.2668
-1.4815
-1.7033
-1.924
-2.1317
-2.3167
-2.47
-2.5948
-2.6613
-2.6633
-2.5992
-2.465
-2.2673
-2.0153
-1.7232
-1.4504
-1.1719
-0.90048
-0.64866
-0.44991
-0.28426
-0.15831
-0.077791
-0.047272
-0.065088
-0.13204
-0.24702
-0.38301
-0.55021
-0.74511
-0.96335
-1.2754
-1.606
-1.9413
-2.2669
-2.5757
-2.8441
-3.0585
-3.2079
-3.2879
-3.2671
-3.1427
-2.9191
-2.6373
-2.2924
-1.8988
-1.4742
-1.0932
-0.71608
-0.35442
-0.018003
0.30458
0.58054
0.80376
0.97081
1.0793
1.1319
1.1306
1.0788
0.98594
0.85544
0.69223
0.50129
0.29372
0.069035
-0.16879
-0.41657
-0.61387
-0.81488
-1.0185
-1.2236
-1.4282
-1.6296
-1.8251
-2.0117
-2.2443
-2.4474
-2.6139
-2.7378
-2.8208
-2.8381
-2.7872
-2.6696
-2.5114
-2.3081
-2.0666
-1.7958
-1.4907
-1.1774
-0.86895
-0.5785
-0.36627
-0.17904
-0.021529
0.10242
0.18183
0.23051
0.2471
0.23064
0.19966
0.15247
0.089063
0.0096454
-0.085375
-0.1954
-0.31963
-0.4571
-0.77439
-1.1302
-1.5107
-1.9002
-2.2974
-2.6671
-2.9908
-3.2521
-3.4493
-3.5416
-3.5198
-3.3822
-3.1411
-2.8033
-2.3837
-1.9027
-1.4288
-0.94331
-0.46482
-0.0086794
0.37134
0.71494
1.0163
1.2719
1.4871
1.6516
1.7673
1.8384
1.8645
1.8725
1.8636
1.8395
1.8018
1.7519
1.6916
1.6227
1.5295
1.4296
1.3265
1.2236
1.1128
1.0116
0.92404
0.85415
0.79806
0.77603
0.79068
0.84238
0.92879
1.0471
1.1923
1.3578
1.5253
1.6963
1.8633
2.0184
2.157
2.2682
2.3458
2.3854
2.3793
2.314
2.1913
2.0177
1.837
1.6344
1.4191
1.2011
0.99922
0.81413
0.65475
0.52885
0.44043
0.40098
0.41412
0.48052
0.57674
0.70741
0.86895
1.0565
1.2905
1.5403
1.7954
2.045
2.2826
2.4914
2.6609
2.7823
2.8545
2.8461
2.7543
2.5826
2.3666
2.1011
1.7975
1.4699
1.1492
0.83537
0.54248
0.28268
0.06738
-0.096339
-0.20167
-0.24401
-0.23733
-0.20488
-0.14649
-0.062137
0.047743
0.18208
0.33937
0.51762
0.84915
1.2175
1.6078
2.0031
2.3942
2.7532
3.062
3.3048
3.4791
3.5464
3.499
3.3367
3.0876
2.753
2.3462
1.8856
1.4129
0.92939
0.4533
-0.00021673
-0.38211
-0.72678
-1.0283
-1.2832
-1.4961
-1.6579
-1.7707
-1.8388
-1.863
-1.8687
-1.8575
-1.8311
-1.791
-1.7389
-1.6765
-1.6056
-1.5109
-1.4099
-1.3063
-1.2036
-1.0943
-0.99518
-0.91065
-0.84443
-0.79315
-0.7772
-0.79898
-0.85848
-0.95199
-1.0766
-1.2271
-1.3963
-1.5649
-1.7353
-1.8998
-2.0508
-2.1847
-2.2892
-2.3582
-2.3874
-2.3681
-2.2898
-2.1552
-1.9719
-1.7858
-1.5802
-1.3646
-1.1491
-0.95089
-0.77182
-0.62057
-0.50461
-0.4287
-0.40137
-0.42559
-0.50146
-0.60528
-0.74253
-0.90939
-1.1008
-1.3386
-1.5902
-1.845
-2.092
-2.3246
-2.5262
-2.6866
-2.7976
-2.8563
-2.8339
-2.7287
-2.5446
-2.3202
-2.0487
-1.7418
-1.4138
-1.0937
-0.78281
-0.4952
-0.24248
-0.055301
0.090488
0.1901
0.24009
0.24405
0.22085
0.17017
0.091859
-0.013828
-0.14589
-0.30281
-0.48254
-0.81019
-1.1765
-1.5665
-1.9634
-2.3569
-2.7201
-3.0346
-3.2846
-3.4676
-3.5444
-3.5068
-3.354
-3.1079
-2.7723
-2.3611
-1.8933
-1.4205
-0.93649
-0.45971
-0.0053649
0.37539
0.71933
1.0206
1.2757
1.4895
1.6524
1.7665
1.836
1.8611
1.8679
1.858
1.8329
1.7942
1.7435
1.6825
1.6129
1.5194
1.4194
1.3165
1.2141
1.1046
1.0048
0.91908
0.85126
0.79771
0.77868
0.79666
0.85185
0.94133
1.0622
1.2095
1.3762
1.5437
1.714
1.8794
2.0321
2.1681
2.2759
2.3493
2.3839
2.3716
2.3004
2.1723
1.9945
1.8117
1.6083
1.3934
1.1772
0.97761
0.79591
0.64084
0.52002
0.43778
0.40428
0.4228
0.49373
0.5936
0.72742
0.89149
1.0808
1.3162
1.5662
1.8205
2.068
2.3023
2.5068
2.671
2.7866
2.8516
2.8359
2.7372
2.5594
2.3395
2.0715
1.7671
1.4401
1.1207
0.80937
0.52019
0.26502
0.064876
-0.088829
-0.19035
-0.23566
-0.23355
-0.20563
-0.15165
-0.071553
0.034307
0.16493
0.31886
0.49417
0.8202
1.1842
1.5713
1.965
2.357
2.7187
3.0319
3.2808
3.4633
3.5399
3.5021
3.3493
3.1035
2.7685
2.358
1.891
1.4192
0.9363
0.46069
0.0075754
-0.37167
-0.71416
-1.014
-1.2678
-1.4799
-1.6413
-1.7541
-1.8226
-1.8472
-1.8538
-1.844
-1.8193
-1.7814
-1.7317
-1.672
-1.604
-1.5125
-1.4147
-1.3141
-1.2142
-1.1072
-1.0098
-0.92623
-0.86019
-0.80813
-0.78989
-0.80788
-0.8623
-0.95126
-1.0715
-1.2179
-1.3836
-1.5488
-1.7165
-1.879
-2.0289
-2.1621
-2.2671
-2.338
-2.3704
-2.3562
-2.2837
-2.1553
-1.9781
-1.797
-1.596
-1.3843
-1.1718
-0.97603
-0.79836
-0.64732
-0.53037
-0.45168
-0.42129
-0.44233
-0.51505
-0.61659
-0.75185
-0.917
-1.1069
-1.3405
-1.5877
-1.8381
-2.0808
-2.3093
-2.5073
-2.665
-2.774
-2.8319
-2.8099
-2.7061
-2.5247
-2.3037
-2.0366
-1.7348
-1.4122
-1.098
-0.79302
-0.51119
-0.26416
-0.070478
0.075281
0.1673
0.20152
0.17862
0.10047
-0.032931
-0.21914
-0.4189
-0.65047
-0.9087
-1.1875
-1.5757
-1.9706
-2.3541
-2.7083
-3.0226
-3.271
-3.4391
-3.5167
-3.4932
-3.3568
-3.111
-2.7667
-2.3817
-1.9447
-1.4739
-0.98898
-0.56695
-0.16022
0.22125
0.56969
0.87917
1.1451
1.365
1.5383
1.6824
1.7704
1.8079
1.8017
1.773
1.7266
1.6651
1.5914
1.5087
1.4197
1.3274
1.235
1.1323
1.0376
0.95493
0.88777
0.83233
0.80691
0.81406
0.85449
0.93139
1.041
1.1786
1.3378
1.4977
1.6623
1.8241
1.9756
2.1106
2.2208
2.3
2.3439
2.346
2.2907
2.1793
2.0177
1.8475
1.655
1.4489
1.2391
1.0445
0.86478
0.70866
0.58368
0.49239
0.44917
0.4579
0.51945
0.61221
0.7398
0.89854
1.0834
1.3086
1.5486
1.7934
2.0322
2.2587
2.4571
2.6175
2.7316
2.798
2.7864
2.6942
2.5251
2.3148
2.0578
1.765
1.4501
1.1432
0.84367
0.56526
0.31989
0.13499
-0.0076816
-0.10281
-0.14648
-0.14715
-0.12935
-0.092825
-0.037522
0.036366
0.12833
0.23765
0.36335
0.63336
0.9453
1.2879
1.6479
2.0332
2.4042
2.7432
3.0336
3.2758
3.4286
3.4804
3.4258
3.2617
2.993
2.6308
2.1931
1.7516
1.286
0.81595
0.35873
-0.048347
-0.41963
-0.74654
-1.0234
-1.2384
-1.4033
-1.5186
-1.5868
-1.612
-1.5929
-1.5371
-1.4534
-1.37
-1.2786
-1.1837
-1.0897
-1.0034
-0.92527
-0.8586
-0.8061
-0.76384
-0.75042
-0.76788
-0.81665
-0.90714
-1.0323
-1.1868
-1.363
-1.5381
-1.7164
-1.8894
-2.049
-2.1886
-2.2988
-2.3735
-2.4082
-2.3946
-2.3208
-2.1893
-2.0071
-1.8196
-1.6109
-1.3906
-1.1689
-0.96381
-0.77709
-0.61771
-0.49351
-0.40934
-0.37453
-0.39241
-0.46342
-0.56293
-0.6964
-0.86027
-1.0497
-1.2893
-1.5448
-1.8057
-2.0606
-2.3035
-2.5167
-2.6896
-2.8132
-2.8861
-2.8769
-2.7829
-2.6074
-2.3867
-2.1155
-1.8054
-1.4708
-1.1425
-0.82113
-0.52091
-0.25392
-0.050699
0.11086
0.22562
0.28992
0.30335
0.28306
0.2286
0.13959
0.016165
-0.14031
-0.32765
-0.54282
-0.90162
-1.2972
-1.7122
-2.1276
-2.5213
-2.8764
-3.1745
-3.4001
-3.548
-3.5853
-3.5057
-3.3108
-3.0354
-2.6785
-2.2543
-1.7813
-1.2971
-0.8062
-0.3264
0.12782
0.53104
0.89027
1.1994
1.4553
1.6631
1.8158
1.9166
1.9699
1.9816
1.9701
1.9373
1.8855
1.817
1.7342
1.6398
1.5367
1.411
1.2824
1.156
1.0364
0.91779
0.81874
0.74419
0.698
0.68324
0.71016
0.77899
0.88733
1.0235
1.1862
1.3687
1.5627
1.7549
1.941
2.1124
2.261
2.388
2.4715
2.5056
2.4872
2.4055
2.2622
2.0637
1.8215
1.5924
1.3522
1.1118
0.88259
0.67864
0.5061
0.37384
0.28882
0.25651
0.27259
0.33789
0.45097
0.5942
0.77125
0.97712
1.2056
1.4871
1.7772
2.0633
2.3327
2.5796
2.7831
2.932
3.0182
3.0335
2.9581
2.793
2.5456
2.264
1.9377
1.5806
1.209
0.89009
0.58376
0.2996
0.045578
-0.18951
-0.37342
-0.5008
-0.56849
-0.57864
-0.54955
-0.48152
-0.37521
-0.2314
-0.051285
0.16314
0.40934
0.62838
0.86264
1.1089
1.3637
1.7808
2.1927
2.5819
2.9312
3.2502
3.4826
3.6128
3.6316
3.5349
3.3234
3.0043
2.5925
2.1523
1.67
1.1655
0.6582
0.18181
-0.26717
-0.67751
-1.0414
-1.331
-1.5747
-1.7721
-1.925
-2.0302
-2.1003
-2.1365
-2.1406
-2.1185
-2.0731
-2.0066
-1.9212
-1.812
-1.6879
-1.5528
-1.4109
-1.2455
-1.0838
-0.93264
-0.79827
-0.6752
-0.58743
-0.54056
-0.538
-0.57742
-0.65721
-0.77528
-0.92757
-1.1122
-1.3192
-1.5402
-1.7658
-1.9883
-2.195
-2.376
-2.5224
-2.6379
-2.69
-2.6733
-2.5869
-2.44
-2.2364
-1.9854
-1.6994
-1.422
-1.1401
-0.86651
-0.61373
-0.42986
-0.27414
-0.15168
-0.066893
-0.025618
-0.020018
-0.051162
-0.11909
-0.20719
-0.32127
-0.45967
-0.62026
-0.89225
-1.1967
-1.5221
-1.8556
-2.1991
-2.5206
-2.8046
-3.0374
-3.2236
-3.3161
-3.306
-3.1911
-2.9768
-2.671
-2.2876
-1.8465
-1.4223
-0.98889
-0.56433
-0.16336
0.14694
0.4249
0.66541
0.86499
1.0377
1.1547
1.2165
1.2254
1.1848
1.0994
0.97511
0.81799
0.60995
0.37787
0.1305
-0.12485
-0.29617
-0.46677
-0.63555
-0.8018
-0.96484
-1.1251
-1.2826
-1.4361
-1.5585
-1.6761
-1.7881
-1.8932
-2.0453
-2.1723
-2.2699
-2.3346
-2.3655
-2.3511
-2.2913
-2.1886
-2.0658
-1.917
-1.7474
-1.5632
-1.3601
-1.1571
-0.96309
-0.78679
-0.62773
-0.50682
-0.43136
-0.40621
-0.42858
-0.49398
-0.60113
-0.74678
-0.93459
-1.1521
-1.3908
-1.6411
-1.898
-2.1443
-2.3685
-2.56
-2.7214
-2.8213
-2.852
-2.8101
-2.6875
-2.4885
-2.2221
-1.9026
-1.6853
-1.4592
-1.2294
-1.0011
-0.77973
-0.57031
-0.3775
-0.20536
-0.0098663
0.13281
0.21666
0.23768
0.20078
0.10964
-0.03526
-0.23157
-0.43405
-0.66587
-0.92221
-1.1974
-1.5941
-1.9966
-2.3863
-2.7447
-3.0606
-3.3079
-3.472
-3.5429
-3.51
-3.3634
-3.107
-2.7522
-2.3581
-1.913
-1.4354
-0.94494
-0.51051
-0.093033
0.29713
0.65203
0.96573
1.2338
1.454
1.6263
1.7295
1.8056
1.8566
1.8842
1.8906
1.8773
1.8463
1.7994
1.7408
1.6712
1.5928
1.5077
1.398
1.2859
1.1758
1.0717
0.9684
0.88214
0.8171
0.77661
0.76353
0.79061
0.85805
0.96326
1.0921
1.2448
1.4147
1.5938
1.7666
1.9322
2.0828
2.2114
2.3194
2.3861
2.4062
2.3775
2.2895
2.1456
1.953
1.7233
1.5128
1.2955
1.0815
0.88065
0.70308
0.55753
0.45184
0.39189
0.38077
0.41535
0.49562
0.61937
0.78176
0.97785
1.2007
1.4418
1.7045
1.9656
2.2131
2.4359
2.6329
2.7788
2.8644
2.8839
2.8265
2.6868
2.47
2.1871
1.9669
1.7289
1.4794
1.2247
0.97183
0.72758
0.49844
0.28998
0.087246
-0.077366
-0.19894
-0.27387
-0.29944
-0.27227
-0.19166
-0.057242
0.091905
0.27409
0.48635
0.72479
1.1036
1.5104
1.9267
2.3331
2.7062
3.0315
3.292
3.4737
3.5696
3.5526
3.4193
3.1744
2.9605
2.7077
2.4213
2.1073
1.7723
1.424
1.0699
0.71674
0.33781
-0.02487
-0.3648
-0.67686
-0.98242
-1.246
-1.4655
-1.6408
-1.7356
-1.8114
-1.8692
-1.9098
-1.9345
-1.9439
-1.9392
-1.9212
-1.8877
-1.8411
-1.7829
-1.7147
-1.6185
-1.5128
-1.4013
-1.2877
-1.1618
-1.0432
-0.93689
-0.84746
-0.7698
-0.72536
-0.71775
-0.74845
-0.81607
-0.91885
-1.0531
-1.213
-1.3855
-1.5681
-1.7528
-1.9314
-2.0955
-2.2371
-2.349
-2.4254
-2.4645
-2.4412
-2.3543
-2.2078
-2.0373
-1.8345
-1.6085
-1.37
-1.1437
-0.92693
-0.72985
-0.56176
-0.42315
-0.33609
-0.30694
-0.33868
-0.40859
-0.5169
-0.66099
-0.83685
-1.0672
-1.3225
-1.5927
-1.8665
-2.1399
-2.3921
-2.6109
-2.7857
-2.9206
-2.9748
-2.9418
-2.8211
-2.6332
-2.3799
-2.0721
-1.7246
-1.3812
-1.0336
-0.69704
-0.38536
-0.099038
0.13537
0.30861
0.41461
0.44513
0.44673
0.4191
0.36216
0.27601
0.16097
0.017786
-0.15246
-0.33455
-0.53655
-0.75586
-0.9895
-1.3952
-1.8135
-2.2264
-2.6158
-2.9807
-3.2793
-3.4943
-3.6127
-3.6251
-3.5203
-3.2997
-2.9725
-2.5927
-2.1514
-1.6668
-1.1592
-0.64954
-0.15495
0.30916
0.7313
0.99832
1.2381
1.4494
1.6316
1.7459
1.8455
1.9306
2.0018
2.0594
2.1035
2.1346
2.153
2.1576
2.1371
2.0928
2.0269
1.9411
1.8384
1.7217
1.5944
1.4339
1.2695
1.1076
0.95471
0.80606
0.68233
0.58986
0.53355
0.51693
0.54474
0.61726
0.73232
0.88396
1.0676
1.2761
1.5006
1.7319
1.9594
2.1725
2.3615
2.5263
2.6433
2.7046
2.7057
2.636
2.493
2.2828
2.0166
1.7515
1.4669
1.1754
0.89053
0.63032
0.40153
0.21483
0.078992
0.045629
0.019254
7.9576e-05
-0.011704
-0.015935
-0.012499
-0.001319
0.01764
0.058144
0.1143
0.18577
0.27203
0.47001
0.71103
0.98746
1.29
1.6409
1.9954
2.3375
2.6514
2.9323
3.1512
3.2954
3.356
3.322
3.1827
2.9419
2.6107
2.2472
1.8384
1.4016
0.95539
0.49787
0.068374
-0.31756
-0.64885
-0.88154
-1.0658
-1.2002
-1.2851
-1.3236
-1.3086
-1.2457
-1.1415
-1.0124
-0.86011
-0.6914
-0.51271
-0.31151
-0.11329
0.075279
0.24917
0.38902
0.51211
0.61739
0.70478
0.78341
0.84208
0.88415
0.91398
0.92196
0.92939
0.93646
0.9434
0.95041
0.95773
0.96559
0.97414
0.9841
0.99519
1.0076
1.0213
1.0574
1.1015
1.1536
1.2133
1.2987
1.3925
1.4915
1.5918
1.706
1.8091
1.8944
1.9562
1.9906
1.9919
1.9587
1.8925
1.8124
1.714
1.6017
1.4808
1.364
1.25
1.144
1.0508
0.96994
0.91427
0.88758
0.89201
0.92997
1.0011
1.1027
1.2299
1.362
1.5043
1.6505
1.7941
1.9274
2.0451
2.1414
2.2114
2.2561
2.2505
2.1926
2.085
1.9552
1.7975
1.6192
1.429
1.2502
1.0776
0.9191
0.78221
0.66544
0.58976
0.56072
0.58108
0.64064
0.73801
0.87029
1.0328
1.2241
1.4331
1.6511
1.8686
2.079
2.2692
2.4297
2.5527
2.6411
2.6599
2.6049
2.4777
2.3059
2.0871
1.8309
1.5496
1.2763
1.0053
0.74886
0.51892
0.35328
0.2204
0.1251
0.07146
0.062504
0.10042
0.18528
0.31539
0.4762
0.67049
0.89343
1.1392
1.4632
1.798
2.1291
2.4419
2.7293
2.9675
3.1438
3.2484
3.2728
3.1956
3.0172
2.7453
2.532
2.2908
2.0266
1.7449
1.4518
1.1538
0.8571
0.56746
0.26026
-0.025481
-0.28429
-0.51187
-0.7237
-0.88983
-1.0085
-1.0793
-1.1032
-1.0783
-1.0078
-0.89562
-0.73761
-0.54434
-0.32164
-0.074848
0.19623
0.48277
0.78033
1.0857
1.3542
1.6199
1.877
2.1195
2.3546
2.5582
2.7232
2.8439
2.9229
2.9291
2.86
2.7181
2.5336
2.3012
2.0289
1.7271
1.3954
1.059
0.73214
0.42804
0.13845
-0.098752
-0.27365
-0.37969
-0.40669
-0.41222
-0.39602
-0.35795
-0.29798
-0.21624
-0.11302
0.011235
0.17413
0.3605
0.568
0.79373
1.181
1.5901
2.0038
2.4041
2.7873
3.1161
3.3725
3.5422
3.6158
3.5742
3.4153
3.1451
2.9105
2.6367
2.3296
1.9958
1.6428
1.2787
0.91109
0.54706
0.14543
-0.23514
-0.58769
-0.90702
-1.2068
-1.4616
-1.6707
-1.835
-1.9396
-2.0161
-2.0655
-2.0893
-2.0886
-2.0641
-2.0174
-1.9508
-1.8664
-1.7669
-1.6553
-1.5348
-1.3849
-1.2333
-1.0857
-0.94809
-0.81536
-0.70788
-0.63136
-0.59005
-0.58739
-0.62743
-0.7098
-0.83175
-0.98539
-1.1668
-1.3686
-1.5822
-1.7978
-2.006
-2.1972
-2.3624
-2.5032
-2.5946
-2.6299
-2.6057
-2.5121
-2.3512
-2.1303
-1.8618
-1.6052
-1.3361
-1.0668
-0.80968
-0.58029
-0.38587
-0.23617
-0.13916
-0.10101
-0.12074
-0.19939
-0.33507
-0.48558
-0.66813
-0.87835
-1.1109
-1.4231
-1.7475
-2.0702
-2.377
-2.6607
-2.8988
-3.0789
-3.1913
-3.2287
-3.1668
-3.0053
-2.7511
-2.5327
-2.2822
-2.0054
-1.709
-1.4005
-1.0877
-0.77834
-0.4793
-0.18369
0.087544
0.32906
0.53675
0.7225
0.86071
0.94992
0.99013
0.97922
0.91347
0.79671
0.63349
0.50216
0.35415
0.19095
0.013929
-0.17569
-0.37673
-0.58789
-0.80785
-1.0605
-1.3183
-1.5773
-1.833
-2.147
-2.4381
-2.6962
-2.9124
-3.0974
-3.2074
-3.2354
-3.1786
-3.034
-2.8062
-2.5041
-2.1412
-1.7614
-1.3593
-0.95167
-0.55419
-0.16132
0.19
0.4882
0.72556
0.87817
0.97976
1.0301
1.0305
0.98083
0.88389
0.74392
0.56555
0.40969
0.23707
0.049644
-0.15085
-0.36298
-0.58544
-0.81663
-1.0547
-1.3079
-1.5616
-1.8116
-2.0531
-2.341
-2.5973
-2.8126
-2.9786
-3.099
-3.1398
-3.0967
-2.9704
-2.7894
-2.5503
-2.2611
-1.9325
-1.5634
-1.1813
-0.80197
-0.44
-0.10936
0.18055
0.421
0.60601
0.72453
0.79032
0.80295
0.76324
0.67231
0.53278
0.34767
0.12014
-0.046881
-0.22934
-0.42631
-0.63614
-0.85679
-1.086
-1.3212
-1.5594
-1.9467
-2.3197
-2.664
-2.9661
-3.2344
-3.4216
-3.5161
-3.5113
-3.3985
-3.1777
-2.8569
-2.4513
-2.0251
-1.5632
-1.0846
-0.60772
-0.16455
0.24894
0.62225
0.94812
1.2096
1.4215
1.5837
1.6979
1.7556
1.7888
1.7999
1.791
1.7643
1.722
1.6664
1.5999
1.5206
1.4346
1.3449
1.2544
1.1523
1.0572
0.97302
0.90329
0.84389
0.81268
0.81238
0.84402
0.91257
1.0148
1.1465
1.3013
1.4587
1.6225
1.7854
1.9396
2.0775
2.1927
2.279
2.3318
2.3466
2.3043
2.2052
2.0546
1.8911
1.7032
1.4993
1.2892
1.0932
0.90991
0.74802
0.61533
0.51294
0.45866
0.45703
0.50947
0.59508
0.71647
0.87016
1.0512
1.272
1.509
1.7524
1.9917
2.2205
2.4231
2.5894
2.7109
2.7875
2.7868
2.7057
2.547
2.3445
2.0935
1.8049
1.4922
1.1867
0.88669
0.60584
0.35626
0.17683
0.033401
-0.069394
-0.12801
-0.13818
-0.08797
0.02335
0.1939
0.43048
0.71869
1.048
1.4055
1.7897
2.171
2.5315
2.8539
3.1329
3.3367
3.4522
3.4714
3.3845
3.1884
2.8899
2.5032
2.0931
1.6441
1.1751
0.70467
0.19551
-0.27257
-0.68263
-1.0242
-1.2466
-1.4185
-1.5406
-1.6154
-1.6477
-1.6366
-1.5898
-1.5152
-1.4287
-1.3315
-1.2294
-1.1284
-1.0466
-0.97274
-0.90956
-0.85958
-0.81792
-0.80479
-0.8222
-0.87048
-0.95857
-1.0797
-1.2283
-1.397
-1.5603
-1.7254
-1.8845
-2.0301
-2.1571
-2.2556
-2.3199
-2.346
-2.3251
-2.2475
-2.1158
-1.9377
-1.7586
-1.5617
-1.3558
-1.1507
-0.96293
-0.79398
-0.65214
-0.54443
-0.47495
-0.45288
-0.48093
-0.55899
-0.66598
-0.80632
-0.97584
-1.169
-1.4003
-1.6426
-1.8855
-2.1184
-2.3342
-2.518
-2.6605
-2.7542
-2.7947
-2.7567
-2.6393
-2.4477
-2.2224
-1.9551
-1.6574
-1.3429
-1.0388
-0.74682
-0.4805
-0.251
-0.12262
-0.017662
0.061756
0.11389
0.13728
0.13083
0.093873
0.026121
-0.052859
-0.152
-0.27041
-0.40688
-0.68384
-1.0014
-1.3477
-1.7093
-2.0911
-2.4557
-2.7858
-3.0653
-3.2953
-3.4328
-3.4668
-3.3927
-3.21
-2.925
-2.5498
-2.1031
-1.6578
-1.1924
-0.72634
-0.27613
0.076121
0.40032
0.69074
0.94332
1.1713
1.3499
1.4792
1.5612
1.5963
1.6019
1.5815
1.5391
1.4787
1.4049
1.3216
1.2331
1.145
1.0592
0.9788
0.90693
0.83702
0.78633
0.75786
0.75365
0.78478
0.85688
0.96779
1.1124
1.2726
1.4489
1.633
1.8158
1.979
2.1248
2.2461
2.3367
2.3986
2.4028
2.3464
2.2318
2.0865
1.9061
1.6988
1.4747
1.2607
1.0513
0.8562
0.68449
0.53561
0.43236
0.38175
0.38774
0.43779
0.52847
0.65763
0.82136
1.0306
1.266
1.5182
1.7767
2.037
2.2804
2.4953
2.6714
2.8126
2.8824
2.874
2.7858
2.6207
2.385
2.0898
1.7505
1.4272
1.0982
0.77797
0.48035
0.22781
0.016869
-0.14476
-0.25146
-0.27593
-0.29235
-0.30058
-0.30051
-0.29206
-0.27517
-0.24978
-0.21588
-0.14793
-0.060367
0.04636
0.1715
0.43576
0.74659
1.0936
1.4645
1.8848
2.2968
2.6802
3.0154
3.2926
3.4823
3.5712
3.5521
3.4196
3.1759
2.8302
2.3993
1.9521
1.4719
0.97864
0.49105
0.076847
-0.31003
-0.66152
-0.97188
-1.2393
-1.4587
-1.6299
-1.7545
-1.8433
-1.8828
-1.8789
-1.8371
-1.7648
-1.6672
-1.5505
-1.4219
-1.3127
-1.2041
-1.0998
-1.0036
-0.90458
-0.82682
-0.77461
-0.75107
-0.76102
-0.81051
-0.89847
-1.0213
-1.1639
-1.3266
-1.5025
-1.6833
-1.8565
-2.0185
-2.1614
-2.2785
-2.3723
-2.4184
-2.4124
-2.3532
-2.2432
-2.0865
-1.8904
-1.6652
-1.4505
-1.2319
-1.0192
-0.82221
-0.64675
-0.507
-0.41085
-0.36397
-0.36709
-0.41519
-0.50771
-0.64204
-0.82026
-1.0322
-1.27
-1.5243
-1.7927
-2.0556
-2.301
-2.5175
-2.7058
-2.8372
-2.903
-2.898
-2.8118
-2.6436
-2.4002
-2.0943
-1.8843
-1.6615
-1.4307
-1.1967
-0.96462
-0.73968
-0.5266
-0.32961
-0.10276
0.082914
0.22144
0.30853
0.33833
0.33635
0.30203
0.23511
0.13569
0.0041607
-0.1583
-0.34945
-0.55942
-0.79027
-1.0381
-1.2986
-1.7201
-2.141
-2.5409
-2.9001
-3.2061
-3.4319
-3.5629
-3.5901
-3.5054
-3.3065
-3
-2.6002
-2.1716
-1.7002
-1.2054
-0.7067
-0.20421
0.26634
0.69101
1.0606
1.332
1.5557
1.7317
1.8624
1.9499
1.9995
2.0134
1.9948
1.9586
1.9051
1.8361
1.754
1.6477
1.5312
1.4084
1.2832
1.1443
1.0137
0.89687
0.79901
0.71498
0.66793
0.66177
0.69802
0.77086
0.87916
1.0192
1.1853
1.3689
1.5637
1.7611
1.9525
2.1298
2.2834
2.4055
2.4899
2.5349
2.5141
2.4261
2.2747
2.0956
1.8812
1.6409
1.3861
1.1426
0.90831
0.69402
0.50985
0.38587
0.29386
0.23755
0.21945
0.24093
0.3024
0.40297
0.54036
0.73661
0.96912
1.2296
1.5082
1.8095
2.1056
2.3828
2.6283
2.8427
2.9943
3.0732
3.0733
2.9845
2.8052
2.5425
2.2095
1.8689
1.5013
1.1229
0.7499
0.43243
0.14199
-0.11289
-0.32567
-0.49248
-0.6075
-0.6684
-0.67439
-0.62336
-0.51557
-0.35321
-0.13887
0.13676
0.46103
0.82653
1.2212
1.5747
1.9295
2.2748
2.5999
2.9581
3.2505
3.461
3.5773
3.5903
3.4893
3.2757
2.9583
2.5891
2.1597
1.6873
1.1918
0.70755
0.23619
-0.20829
-0.61514
-0.95561
-1.2507
-1.4977
-1.6963
-1.8344
-1.9368
-2.0058
-2.043
-2.0499
-2.0288
-1.9819
-1.9121
-1.8319
-1.738
-1.633
-1.5201
-1.378
-1.2345
-1.095
-0.96513
-0.83982
-0.73862
-0.66693
-0.62872
-0.62759
-0.66846
-0.75088
-0.87198
-1.0223
-1.1987
-1.3942
-1.6003
-1.8062
-2.0042
-2.1849
-2.3398
-2.4709
-2.5533
-2.581
-2.5509
-2.4533
-2.2913
-2.0726
-1.8096
-1.5616
-1.3036
-1.0471
-0.8042
-0.58796
-0.4074
-0.27199
-0.18903
-0.16348
-0.18672
-0.25931
-0.37969
-0.52859
-0.71099
-0.92213
-1.1561
-1.4565
-1.7672
-2.0751
-2.3664
-2.6346
-2.8577
-3.0239
-3.124
-3.1502
-3.0806
-2.9154
-2.6618
-2.4395
-2.1855
-1.9062
-1.609
-1.3018
-0.99308
-0.69101
-0.4027
-0.12537
0.12404
0.34029
0.51943
0.66986
0.76959
0.81742
0.81355
0.75559
0.64486
0.48446
0.27783
0.083359
-0.13622
-0.37868
-0.64155
-0.92148
-1.2135
-1.512
-1.8112
-2.1825
-2.5306
-2.8418
-3.1039
-3.3266
-3.4597
-3.4934
-3.4242
-3.2464
-2.9662
-2.5953
-2.1518
-1.7053
-1.2366
-0.76503
-0.30704
0.060405
0.40001
0.70565
0.973
1.2109
1.4011
1.5436
1.6402
1.6982
1.7098
1.6823
1.6234
1.561
1.4874
1.406
1.3201
1.233
1.1479
1.0677
0.99522
0.92151
0.86689
0.83457
0.82673
0.85169
0.91477
1.014
1.1447
1.2868
1.4435
1.6077
1.7714
1.9202
2.054
2.1663
2.2516
2.3117
2.3211
2.277
2.1809
2.0548
1.8959
1.7114
1.5102
1.3162
1.1249
0.94509
0.78512
0.64525
0.54488
0.49053
0.48615
0.52565
0.60585
0.72475
0.87843
1.0685
1.2828
1.5127
1.7486
1.9847
2.2056
2.4008
2.5609
2.6894
2.7534
2.7466
2.6676
2.5182
2.3045
2.0365
1.7282
1.5153
1.2974
1.0799
0.86806
0.66704
0.4818
0.31681
0.17592
0.056997
-0.027956
-0.076173
-0.085303
-0.053739
0.018986
0.13223
0.28404
0.49068
0.73438
1.0084
1.3045
1.6721
2.0418
2.3971
2.7215
3.0093
3.2307
3.3724
3.4256
3.3792
3.2246
2.9664
2.6166
2.235
1.8083
1.3546
0.89271
0.49395
0.11387
-0.2381
-0.55465
-0.83028
-1.0608
-1.2439
-1.3792
-1.4766
-1.5176
-1.508
-1.4554
-1.3785
-1.2809
-1.1699
-1.0526
-0.9139
-0.78888
-0.68861
-0.62136
-0.59494
-0.59922
-0.63559
-0.70395
-0.82304
-0.97988
-1.168
-1.3786
-1.5915
-1.8059
-2.0118
-2.1992
-2.3614
-2.4856
-2.5645
-2.593
-2.5613
-2.461
-2.2954
-2.0735
-1.8455
-1.5943
-1.3312
-1.0681
-0.82409
-0.6036
-0.41738
-0.27464
-0.20126
-0.1587
-0.14873
-0.17225
-0.22931
-0.31929
-0.44067
-0.59108
-0.82057
-1.0841
-1.3719
-1.6729
-1.9907
-2.2955
-2.5729
-2.8098
-3.0095
-3.1332
-3.1715
-3.12
-2.973
-2.7353
-2.4171
-2.035
-1.6578
-1.2628
-0.86708
-0.48668
-0.11827
0.20329
0.46672
0.66471
0.77865
0.84001
0.8487
0.80587
0.71323
0.57366
0.39045
0.16697
-0.041109
-0.27178
-0.5228
-0.79148
-1.0741
-1.3655
-1.6602
-1.9521
-2.3195
-2.6573
-2.9518
-3.1907
-3.3793
-3.473
-3.4641
-3.3507
-3.1452
-2.8522
-2.4833
-2.0546
-1.6071
-1.1417
-0.67691
-0.22844
0.12544
0.45128
0.74355
0.99839
1.226
1.4068
1.5411
1.6307
1.6825
1.6888
1.6568
1.5944
1.5293
1.4537
1.3709
1.2844
1.1978
1.1142
1.0366
0.96781
0.90005
0.85273
0.82884
0.83028
0.8666
0.94034
1.0489
1.187
1.3335
1.4922
1.656
1.817
1.962
2.0899
2.1945
2.2705
2.3189
2.3123
2.2488
2.1312
1.99
1.8188
1.6254
1.4194
1.2259
1.0392
0.86791
0.7202
0.59435
0.5132
0.48275
0.50593
0.56871
0.6699
0.80666
0.97447
1.1783
1.4021
1.6365
1.8716
2.1013
2.3103
2.4884
2.6267
2.7289
2.7578
2.7086
2.5823
2.4053
2.1759
1.9043
1.6034
1.3895
1.1738
0.96143
0.75741
0.56671
0.39388
0.24298
0.11748
0.026746
-0.037759
-0.074356
-0.081594
-0.058435
-0.0045011
0.07996
0.19399
0.36501
0.57147
0.8085
1.0702
1.4238
1.7906
2.1543
2.4989
2.8135
3.0754
3.2708
3.3887
3.4206
3.3443
3.1599
2.8751
2.6407
2.3737
2.0799
1.7658
1.4385
1.1055
0.77399
0.45021
0.08404
-0.25461
-0.55876
-0.82335
-1.0586
-1.2422
-1.3734
-1.4539
-1.4872
-1.4717
-1.4141
-1.3224
-1.213
-1.089
-0.95797
-0.82747
-0.72242
-0.62721
-0.54582
-0.48187
-0.43848
-0.41876
-0.42507
-0.45845
-0.50567
-0.57081
-0.65321
-0.75188
-0.93353
-1.1442
-1.3758
-1.6187
-1.8703
-2.1111
-2.3294
-2.5143
-2.6655
-2.7565
-2.7801
-2.7333
-2.6094
-2.4133
-2.1539
-1.8455
-1.632
-1.4106
-1.1868
-0.96588
-0.75342
-0.55469
-0.37452
-0.21708
-0.07978
0.024456
0.092553
0.12214
0.11996
0.1005
0.06353
0.009105
-0.0625
-0.15087
-0.25533
-0.375
-0.63879
-0.94388
-1.2793
-1.6323
-2.012
-2.3783
-2.7138
-3.0023
-3.2441
-3.3986
-3.4544
-3.4059
-3.2492
-2.9884
-2.6345
-2.2049
-1.7708
-1.3121
-0.84828
-0.3967
0.013442
0.3863
0.71265
0.98643
1.1948
1.351
1.4555
1.5108
1.5201
1.4846
1.4118
1.31
1.1883
1.0556
0.92127
0.79393
0.67247
0.57949
0.52358
0.5106
0.53784
0.6025
0.70368
0.83864
1.0235
1.237
1.4697
1.7106
1.9386
2.1524
2.3417
2.4972
2.6207
2.6831
2.6784
2.6052
2.4651
2.2638
2.0106
1.7191
1.4423
1.1602
0.88538
0.63068
0.44198
0.28211
0.1565
0.069868
0.027881
0.02415
0.059802
0.13477
0.22955
0.35116
0.49777
0.66694
0.94619
1.2561
1.5848
1.9191
2.2593
2.5745
2.8496
3.0711
3.2431
3.3187
3.2897
3.1551
2.931
2.6226
2.2433
1.8119
1.3883
0.95709
0.5358
0.13893
-0.17135
-0.44811
-0.68624
-0.88227
-1.0481
-1.1584
-1.2137
-1.2166
-1.1707
-1.0809
-0.95286
-0.7927
-0.58394
-0.352
-0.10518
0.14963
0.38168
0.61211
0.83871
1.0612
1.2394
1.4134
1.5814
1.7411
1.9045
2.0509
2.1767
2.2786
2.3645
2.4089
2.4092
2.3652
2.2869
2.1746
2.0318
1.8636
1.6691
1.4617
1.2497
1.0422
0.84185
0.66531
0.52131
0.41712
0.35868
0.34914
0.39051
0.48221
0.60169
0.75466
0.93683
1.1427
1.3976
1.6643
1.9313
2.187
2.4239
2.6254
2.7812
2.8828
2.9256
2.8836
2.7561
2.5483
2.3025
2.0104
1.6847
1.3402
1.005
0.68209
0.38541
0.12624
-0.062762
-0.21015
-0.31171
-0.36455
-0.36959
-0.33663
-0.26542
-0.15578
-0.0081269
0.17575
0.39302
0.63969
1.006
1.4015
1.81
2.2141
2.612
2.9654
3.2554
3.4665
3.5908
3.602
3.4954
3.2739
3.0513
2.7799
2.4662
2.1181
1.7444
1.3552
0.96047
0.56893
0.18729
-0.17586
-0.5144
-0.82362
-1.1335
-1.398
-1.6158
-1.7876
-1.9115
-1.9974
-2.0472
-2.0634
-2.052
-2.0185
-1.9647
-1.8928
-1.802
-1.6974
-1.5822
-1.4598
-1.3123
-1.1658
-1.0263
-0.89938
-0.77966
-0.68834
-0.6307
-0.61035
-0.62977
-0.69012
-0.79003
-0.92588
-1.0896
-1.2766
-1.4791
-1.6884
-1.8953
-2.0901
-2.2638
-2.4078
-2.5251
-2.5879
-2.5904
-2.5309
-2.4055
-2.2202
-1.9839
-1.7098
-1.4541
-1.1931
-0.93865
-0.70258
-0.49309
-0.32541
-0.20879
-0.15021
-0.15164
-0.20853
-0.32027
-0.48359
-0.67535
-0.90082
-1.153
-1.4238
-1.7415
-2.0575
-2.3574
-2.6276
-2.8668
-3.0444
-3.1495
-3.1748
-3.1094
-2.9481
-2.6964
-2.3666
-2.0191
-1.6375
-1.2381
-0.83829
-0.48672
-0.15995
0.1324
0.38293
0.58379
0.73425
0.83189
0.87601
0.86508
0.79676
0.67416
0.50113
0.33068
0.1335
-0.08821
-0.33293
-0.59888
-0.88219
-1.1781
-1.4811
-1.831
-2.1711
-2.4906
-2.7788
-3.0605
-3.2725
-3.4033
-3.4451
-3.388
-3.2252
-2.9619
-2.6101
-2.2272
-1.8005
-1.3476
-0.8865
-0.47188
-0.076843
0.28851
0.61645
0.90127
1.1387
1.3267
1.4651
1.5631
1.6065
1.602
1.5577
1.4968
1.4199
1.332
1.2385
1.1558
1.0754
1.0005
0.93361
0.86665
0.81882
0.79305
0.79131
0.82478
0.89806
1.0088
1.1516
1.3062
1.4751
1.6502
1.8228
1.9761
2.112
2.2236
2.3054
2.3586
2.3551
2.2925
2.1736
2.0284
1.8512
1.65
1.4346
1.2311
1.034
0.85222
0.6944
0.55912
0.46965
0.43242
0.45074
0.51011
0.60873
0.744
0.91164
1.1202
1.3511
1.5951
1.8419
2.086
2.3104
2.5045
2.6585
2.7766
2.8213
2.787
2.6738
2.5032
2.2757
2.001
1.6919
1.4507
1.2055
0.96294
0.72977
0.51234
0.31645
0.14721
0.0088701
-0.087707
-0.15306
-0.18538
-0.18331
-0.1609
-0.12089
-0.063174
0.011975
0.10407
0.2125
0.33641
0.47472
0.77863
1.1204
1.4869
1.8633
2.2504
2.6127
2.9323
3.1932
3.3964
3.4971
3.4858
3.3602
3.1276
2.7962
2.3806
1.9019
1.437
0.96045
0.49097
0.043866
-0.32148
-0.65172
-0.94121
-1.1865
-1.3888
-1.5432
-1.6513
-1.7162
-1.7432
-1.7302
-1.6839
-1.6112
-1.5267
-1.4306
-1.3279
-1.2238
-1.1329
-1.0485
-0.97386
-0.91188
-0.85624
-0.82772
-0.82893
-0.86084
-0.93009
-1.033
-1.1651
-1.32
-1.4751
-1.6358
-1.7948
-1.9445
-2.0773
-2.187
-2.2677
-2.315
-2.3235
-2.2759
-2.173
-2.0203
-1.8575
-1.672
-1.4723
-1.2678
-1.0779
-0.90161
-0.74728
-0.62239
-0.52835
-0.48175
-0.48668
-0.54421
-0.63389
-0.75864
-0.91477
-1.0971
-1.3161
-1.5494
-1.7871
-2.0191
-2.2386
-2.4308
-2.5859
-2.696
-2.7599
-2.7475
-2.6564
-2.4902
-2.2847
-2.0339
-1.7487
-1.4424
-1.2095
-0.9795
-0.75863
-0.55291
-0.36785
-0.20844
-0.078993
0.016954
0.062414
0.089378
0.097178
0.08524
0.053184
0.00096875
-0.071177
-0.16272
-0.33774
-0.55184
-0.79959
-1.0743
-1.4324
-1.8032
-2.1705
-2.5176
-2.8326
-3.0938
-3.2871
-3.4019
-3.4289
-3.3473
-3.1574
-2.8672
-2.6273
-2.3546
-2.0549
-1.7352
-1.4028
-1.0654
-0.73011
-0.40352
-0.02241
0.32742
0.63829
0.90491
1.1282
1.2997
1.4193
1.4891
1.5126
1.4895
1.427
1.3333
1.2222
1.0988
0.97153
0.84825
0.72304
0.62344
0.55857
0.53465
0.54905
0.59637
0.67634
0.78724
0.95145
1.1469
1.3653
1.5965
1.8223
2.0392
2.2369
2.4057
2.5456
2.6325
2.6598
2.6244
2.5177
2.3434
2.1096
1.8294
1.5637
1.2873
1.0127
0.75255
0.52067
0.32664
0.18006
0.089121
0.059964
0.082071
0.15618
0.28083
0.42566
0.60233
0.80689
1.0345
1.3502
1.6813
2.0138
2.3334
2.6317
2.8868
3.0855
3.2174
3.2767
3.2352
3.0912
2.8504
2.6263
2.3642
2.0706
1.7536
1.4217
1.0842
0.75025
0.4278
0.12009
-0.16195
-0.41284
-0.62845
-0.82388
-0.9688
-1.0621
-1.1042
-1.0981
-1.0482
-0.95802
-0.83142
-0.65875
-0.45434
-0.22379
0.027878
0.29946
0.58432
0.87834
1.1781
1.44
1.6972
1.9442
2.1752
2.4036
2.5977
2.7507
2.8568
2.9161
2.9012
2.8109
2.6485
2.4471
2.2001
1.9164
1.6071
1.2748
0.94298
0.62617
0.33702
0.083049
-0.12145
-0.26875
-0.35365
-0.37408
-0.36211
-0.31733
-0.23964
-0.12926
0.013256
0.18652
0.38811
0.61947
0.87284
1.1434
1.4258
1.8567
2.2803
2.6754
3.0221
3.3098
3.5082
3.6035
3.5882
3.458
3.2151
2.8685
2.4348
1.9828
1.4962
0.99523
0.49883
0.078308
-0.31583
-0.67554
-0.99508
-1.2128
-1.4028
-1.5647
-1.6988
-1.784
-1.8537
-1.9087
-1.9496
-1.977
-1.9914
-1.9936
-1.9842
-1.9573
-1.9148
-1.8583
-1.7896
-1.6945
-1.5879
-1.4733
-1.3544
-1.2182
-1.0868
-0.96566
-0.85988
-0.76384
-0.69923
-0.67042
-0.67985
-0.72796
-0.81388
-0.9349
-1.0862
-1.2575
-1.4447
-1.6399
-1.8343
-2.0192
-2.1857
-2.3257
-2.4322
-2.5077
-2.5209
-2.4682
-2.3513
-2.1964
-2.0006
-1.7726
-1.5233
-1.2823
-1.0442
-0.81992
-0.61982
-0.44454
-0.31773
-0.24756
-0.23903
-0.27925
-0.36184
-0.48517
-0.64596
-0.8638
-1.1145
-1.3886
-1.6751
-1.9722
-2.2564
-2.5146
-2.7344
-2.919
-3.0318
-3.0639
-3.0115
-2.8685
-2.64
-2.3359
-1.9724
-1.6172
-1.2466
-0.87687
-0.52329
-0.2394
0.013715
0.22939
0.40261
0.52969
0.60791
0.63584
0.61315
0.55994
0.47617
0.36263
0.22022
0.050295
-0.14638
-0.36831
-0.61227
-0.82353
-1.0446
-1.273
-1.506
-1.9166
-2.3158
-2.6868
-3.0136
-3.3061
-3.509
-3.6084
-3.5969
-3.471
-3.2328
-2.8912
-2.4623
-2.0128
-1.5274
-1.0263
-0.52829
-0.10049
0.30134
0.66883
0.99599
1.2776
1.513
1.7018
1.8455
1.9353
1.9957
2.0284
2.035
2.0187
1.9818
1.9262
1.8539
1.762
1.6572
1.5427
1.4221
1.2787
1.1377
1.0048
0.88543
0.774
0.69189
0.64406
0.63371
0.66286
0.73192
0.83907
0.98028
1.1468
1.334
1.5342
1.7386
1.9381
2.1234
2.2857
2.4169
2.5204
2.567
2.5518
2.4741
2.3422
2.1597
1.9346
1.6782
1.4295
1.1768
0.93153
0.70494
0.50271
0.34252
0.23351
0.18218
0.18704
0.2381
0.33486
0.47496
0.65683
0.87366
1.1187
1.3837
1.6921
2.0007
2.2957
2.5636
2.8025
2.9838
3.0966
3.1336
3.0837
2.9394
2.7053
2.3928
2.1476
1.8801
1.5968
1.3046
1.0111
0.72332
0.44794
0.19068
-0.10318
-0.35063
-0.54483
-0.68148
-0.75875
-0.77376
-0.72723
-0.62127
-0.47447
-0.28333
-0.050932
0.22065
0.47305
0.7466
1.0368
1.3383
1.7159
2.089
2.4447
2.7704
3.0901
3.338
3.5001
3.5668
3.5289
3.3788
3.1205
2.7656
2.3709
1.9254
1.4473
0.95581
0.51045
0.081781
-0.31944
-0.68501
-1.0088
-1.2865
-1.5156
-1.6965
-1.8154
-1.9017
-1.9579
-1.9855
-1.9862
-1.9623
-1.916
-1.85
-1.7733
-1.6843
-1.5857
-1.4804
-1.3493
-1.2179
-1.0914
-0.97466
-0.86261
-0.77407
-0.71386
-0.68547
-0.69287
-0.74079
-0.82836
-0.95226
-1.1005
-1.2716
-1.4583
-1.6524
-1.8428
-2.0231
-2.1847
-2.32
-2.4315
-2.4941
-2.5026
-2.455
-2.3436
-2.174
-1.9548
-1.6986
-1.4636
-1.2235
-0.9892
-0.77165
-0.57918
-0.42484
-0.31723
-0.26262
-0.26172
-0.307
-0.39812
-0.53274
-0.70829
-0.91844
-1.1563
-1.4134
-1.7043
-1.9944
-2.2706
-2.5202
-2.7419
-2.9082
-3.0087
-3.0368
-2.9817
-2.8368
-2.6073
-2.3044
-2.0864
-1.8507
-1.6021
-1.3461
-1.0883
-0.83441
-0.58977
-0.35911
-0.090279
0.14065
0.32726
0.46498
0.55012
0.58226
0.56064
0.48556
0.36254
0.19172
-0.024425
-0.28321
-0.5189
-0.77553
-1.0488
-1.3339
-1.7436
-2.1494
-2.5347
-2.8829
-3.2066
-3.4468
-3.5881
-3.6209
-3.5398
-3.3439
-3.0399
-2.6416
-2.2117
-1.7373
-1.2379
-0.73278
-0.21903
0.26396
0.7019
1.0853
1.3669
1.6018
1.7898
1.9332
2.0301
2.0911
2.1177
2.112
2.0823
2.0312
1.9606
1.8728
1.7601
1.6336
1.4976
1.3565
1.1954
1.0404
0.89777
0.77377
0.66281
0.58935
0.55852
0.57307
0.62773
0.72107
0.85038
1.011
1.201
1.4096
1.6283
1.8475
2.0596
2.2523
2.4162
2.5432
2.6365
2.6616
2.6142
2.4954
2.33
2.1167
1.8647
1.5859
1.3131
1.0409
0.78171
0.54742
0.37521
0.23567
0.13394
0.074392
0.060195
0.09308
0.1733
0.29928
0.45368
0.64107
0.85699
1.096
1.417
1.7508
2.0829
2.3989
2.6907
2.9359
3.1215
3.2376
3.2767
3.2144
3.0503
2.7911
2.5761
2.33
2.0582
1.7669
1.4626
1.1527
0.8444
0.54392
0.24364
-0.035699
-0.28897
-0.51213
