0.7
0.70011
0.70022
0.70034
0.70045
0.70101
0.70158
0.70214
0.70271
0.70558
0.7085
0.71146
0.71447
0.73025
0.74725
0.76551
0.78506
0.84685
0.92143
1.0084
1.0996
1.1946
1.2869
1.3765
1.4631
1.5978
1.7207
1.8289
1.9195
1.997
2.0459
2.0638
2.0499
2.0017
1.9209
1.8114
1.6792
1.5453
1.4049
1.2646
1.1314
1.0203
0.91579
0.80561
0.69356
0.58776
0.49957
0.4363
0.40423
0.40648
0.44184
0.51364
0.62489
0.7358
0.87435
1.0374
1.2057
1.3618
1.5085
1.645
1.7705
1.9199
2.0445
2.1413
2.2081
2.2457
2.2415
2.1955
2.1101
1.9845
1.827
1.6453
1.4489
1.2658
1.0864
0.90743
0.71409
0.48769
0.24573
-0.0039168
-0.25499
-0.42389
-0.58983
-0.75196
-0.90985
-1.057
-1.1796
-1.2723
-1.3374
-1.3777
-1.4028
-1.415
-1.4163
-1.4077
-1.3904
-1.3666
-1.3383
-1.3011
-1.2627
-1.2257
-1.1923
-1.1618
-1.1406
-1.1307
-1.1333
-1.1522
-1.1882
-1.2402
-1.3065
-1.3756
-1.4513
-1.5308
-1.6111
-1.692
-1.7665
-1.8312
-1.8829
-1.9196
-1.9381
-1.9371
-1.9162
-1.8667
-1.7923
-1.6966
-1.5852
-1.4769
-1.3665
-1.2596
-1.1616
-1.0986
-1.0461
-1.0062
-0.97524
-0.95042
-0.93627
-0.9361
-0.95348
-0.98849
-1.0386
-1.0982
-1.1657
-1.241
-1.3223
-1.4083
-1.4973
-1.6215
-1.7433
-1.8578
-1.9605
-2.0512
-2.1191
-2.1603
-2.1725
-2.1517
-2.0953
-2.0051
-1.885
-1.7353
-1.5672
-1.3898
-1.2127
-1.0685
-0.92772
-0.77393
-0.60754
-0.44408
-0.28437
-0.13445
0.00077795
0.1113
0.2022
0.27139
0.31763
0.34083
0.33814
0.31011
0.25779
0.17577
0.069194
-0.059879
-0.20969
-0.35555
-0.51536
-0.68895
-0.87679
-1.0222
-1.1599
-1.2788
-1.3782
-1.4629
-1.5338
-1.5919
-1.6381
-1.6849
-1.7115
-1.7194
-1.7107
-1.6833
-1.6399
-1.5834
-1.5177
-1.4555
-1.392
-1.3298
-1.2716
-1.2172
-1.173
-1.1413
-1.124
-1.1227
-1.1397
-1.175
-1.2272
-1.2881
-1.3595
-1.4385
-1.5223
-1.6097
-1.6948
-1.7738
-1.843
-1.9003
-1.9411
-1.963
-1.9646
-1.9422
-1.8947
-1.8238
-1.7327
-1.6196
-1.4953
-1.367
-1.2425
-1.1686
-1.1017
-1.0436
-0.99507
-0.95242
-0.91453
-0.88455
-0.86558
-0.8617
-0.87573
-0.90966
-0.96883
-1.0259
-1.09
-1.1579
-1.2286
-1.3022
-1.3779
-1.455
-1.5326
-1.6697
-1.8009
-1.9211
-2.0255
-2.1134
-2.1745
-2.205
-2.203
-2.1626
-2.0831
-1.9674
-1.8213
-1.6525
-1.4697
-1.2825
-1.1014
-0.94532
-0.78034
-0.59917
-0.40632
-0.24434
-0.084885
0.068691
0.2137
0.35767
0.48724
0.60121
0.69932
0.7891
0.86203
0.92061
0.96832
1.0065
1.0374
1.0622
1.0846
1.1081
1.136
1.1695
1.2096
1.2621
1.3221
1.3883
1.4588
1.5374
1.6148
1.6872
1.7511
1.8004
1.8367
1.8579
1.8628
1.8492
1.8161
1.7645
1.6968
1.6082
1.5094
1.4064
1.3059
1.2276
1.1597
1.1058
1.0687
1.0506
1.0527
1.0755
1.1186
1.1748
1.2454
1.3278
1.4191
1.5109
1.6047
1.6971
1.785
1.8746
1.95
2.0075
2.044
2.0575
2.0447
2.0052
1.9404
1.8414
1.7189
1.5791
1.43
1.3264
1.2253
1.1296
1.0422
0.96141
0.8811
0.80003
0.72092
0.64437
0.5793
0.5297
0.49914
0.4913
0.51289
0.56744
0.65819
0.7564
0.88279
1.0346
1.1939
1.3438
1.4865
1.6212
1.7467
1.9001
2.0304
2.1338
2.2075
2.2522
2.2545
2.2138
2.1321
2.0103
1.8555
1.675
1.4785
1.2929
1.1118
0.93442
0.74394
0.53194
0.30458
0.0687
-0.17007
-0.38904
-0.60439
-0.8146
-1.0153
-1.1823
-1.2971
-1.369
-1.4072
-1.4193
-1.4163
-1.4014
-1.3776
-1.3471
-1.3126
-1.2764
-1.2406
-1.2016
-1.1687
-1.144
-1.1296
-1.127
-1.1393
-1.1668
-1.2089
-1.2644
-1.3314
-1.4075
-1.4895
-1.5742
-1.6579
-1.7367
-1.8072
-1.8663
-1.9104
-1.9372
-1.9449
-1.9308
-1.8933
-1.8335
-1.7539
-1.6503
-1.5338
-1.4111
-1.2898
-1.1908
-1.1044
-1.0355
-0.98342
-0.94712
-0.9249
-0.92287
-0.9457
-1.0045
-1.091
-1.1937
-1.308
-1.4087
-1.5133
-1.6189
-1.7229
-1.8454
-1.9554
-2.048
-2.1186
-2.1644
-2.1808
-2.1661
-2.1202
-2.0339
-1.914
-1.7663
-1.5983
-1.4328
-1.2679
-1.1125
-0.96489
-0.83571
-0.69541
-0.54891
-0.40075
-0.23702
-0.082142
0.059105
0.18305
0.28259
0.36203
0.42034
0.45728
0.47337
0.46832
0.44363
0.40115
0.33332
0.24852
0.15034
0.042057
-0.06311
-0.17224
-0.28384
-0.39708
-0.51709
-0.63902
-0.7641
-0.89458
-0.97725
-1.0581
-1.1294
-1.1905
-1.2449
-1.293
-1.3357
-1.3737
-1.4183
-1.4566
-1.4892
-1.5168
-1.5441
-1.5647
-1.5788
-1.5867
-1.5885
-1.5811
-1.5653
-1.543
-1.519
-1.4926
-1.4653
-1.4388
-1.4175
-1.3992
-1.3847
-1.3749
-1.3702
-1.3715
-1.3787
-1.3917
-1.4161
-1.4479
-1.485
-1.5246
-1.5569
-1.5873
-1.6141
-1.6358
-1.6504
-1.6587
-1.6601
-1.6543
-1.6384
-1.6134
-1.5804
-1.5412
-1.5021
-1.4616
-1.4219
-1.385
-1.3548
-1.3303
-1.3128
-1.3033
-1.3025
-1.3115
-1.3302
-1.3578
-1.3976
-1.4449
-1.4971
-1.5514
-1.5982
-1.6417
-1.6798
-1.7105
-1.7319
-1.7435
-1.7443
-1.7341
-1.7081
-1.6679
-1.6156
-1.5541
-1.4938
-1.4319
-1.3716
-1.3161
-1.2712
-1.2354
-1.2106
-1.1981
-1.1993
-1.2156
-1.2469
-1.292
-1.3469
-1.4106
-1.4806
-1.5535
-1.6241
-1.6912
-1.7516
-1.8025
-1.8415
-1.8662
-1.8749
-1.867
-1.8374
-1.7869
-1.7176
-1.6331
-1.5419
-1.4455
-1.349
-1.2576
-1.1831
-1.1209
-1.0742
-1.0454
-1.0365
-1.0496
-1.0849
-1.1413
-1.2056
-1.2823
-1.3688
-1.4624
-1.5622
-1.6623
-1.7588
-1.848
-1.9325
-2
-2.0468
-2.0705
-2.0685
-2.0377
-1.9787
-1.8937
-1.7768
-1.6398
-1.4898
-1.3354
-1.2341
-1.1388
-1.0526
-0.97263
-0.89073
-0.80642
-0.72309
-0.64396
-0.55325
-0.48089
-0.4327
-0.4137
-0.42841
-0.48108
-0.57555
-0.7153
-0.84484
-0.99468
-1.1534
-1.3094
-1.4558
-1.5928
-1.7197
-1.8355
-1.9771
-2.0915
-2.1756
-2.2274
-2.2455
-2.2209
-2.1543
-2.0492
-1.9072
-1.7372
-1.5475
-1.3485
-1.1715
-0.9956
-0.80838
-0.60211
-0.39947
-0.18759
0.028556
0.24493
0.40278
0.55786
0.70942
0.85704
1.0012
1.1285
1.2272
1.2984
1.3483
1.3815
1.4005
1.4076
1.4041
1.3909
1.3703
1.3443
1.3105
1.2749
1.2399
1.2077
1.177
1.1548
1.1428
1.1424
1.1568
1.1872
1.2331
1.2928
1.3585
1.4317
1.5096
1.589
1.6684
1.7424
1.8075
1.8608
1.8999
1.9218
1.9251
1.9091
1.8663
1.7992
1.7108
1.6063
1.5022
1.3949
1.2896
1.192
1.1109
1.0466
1.0031
0.97687
0.96578
0.97347
1.0036
1.0531
1.1171
1.1945
1.2833
1.381
1.4756
1.5727
1.6699
1.7644
1.8762
1.9746
2.0546
2.1125
2.1457
2.1501
2.1247
2.0699
1.9758
1.851
1.7017
1.5358
1.4172
1.2982
1.182
1.0718
0.96752
0.86047
0.74579
0.62536
0.50054
0.37855
0.26281
0.15629
0.052077
-0.034395
-0.10056
-0.14455
-0.16499
-0.16116
-0.13256
-0.079087
0.0092032
0.12753
0.27545
0.45274
0.6585
0.89049
1.1324
1.3532
1.5074
1.6354
1.7385
1.8182
1.8791
1.9147
1.9257
1.9135
1.8725
1.8051
1.7154
1.6086
1.5037
1.3942
1.2848
1.1801
1.0821
0.99556
0.91692
0.84418
0.78081
0.7349
0.71318
0.7218
0.74936
0.79704
0.8668
0.96055
1.0725
1.1904
1.3092
1.4267
1.5216
1.6145
1.7045
1.7907
1.9356
2.0586
2.1543
2.2183
2.2479
2.2399
2.1939
2.1115
1.9878
1.8324
1.653
1.4589
1.2776
1.1013
0.92851
0.74373
0.53608
0.31512
0.08813
-0.1389
-0.33959
-0.53335
-0.71823
-0.89344
-0.96291
-1.0287
-1.0874
-1.138
-1.1813
-1.2179
-1.2484
-1.2733
-1.3076
-1.3268
-1.3338
-1.3313
-1.3216
-1.3067
-1.2885
-1.2686
-1.2444
-1.2225
-1.2048
-1.193
-1.1885
-1.1939
-1.2098
-1.2364
-1.2796
-1.3347
-1.3996
-1.4714
-1.5427
-1.6139
-1.6814
-1.742
-1.7913
-1.8287
-1.8522
-1.8603
-1.851
-1.8229
-1.7768
-1.7146
-1.6301
-1.5341
-1.4324
-1.3316
-1.2516
-1.181
-1.1234
-1.0817
-1.0587
-1.0551
-1.0716
-1.108
-1.1597
-1.2267
-1.3067
-1.3967
-1.4846
-1.5753
-1.6657
-1.7527
-1.8444
-1.9235
-1.986
-2.0288
-2.0498
-2.0457
-2.0158
-1.9609
-1.8715
-1.757
-1.6231
-1.4774
-1.3432
-1.2132
-1.0941
-0.98887
-0.89027
-0.7907
-0.69795
-0.61919
-0.5627
-0.53143
-0.53077
-0.56547
-0.61993
-0.70065
-0.80959
-0.94867
-1.1072
-1.2663
-1.4193
-1.5636
-1.6827
-1.7938
-1.8959
-1.9876
-2.1079
-2.1956
-2.247
-2.2602
-2.2316
-2.1592
-2.0458
-1.8974
-1.7221
-1.5283
-1.3262
-1.1267
-0.95113
-0.76315
-0.55169
-0.3205
-0.12311
0.076981
0.27666
0.47353
0.68135
0.88203
1.0668
1.2147
1.3113
1.372
1.403
1.411
1.404
1.387
1.3625
1.3328
1.2962
1.2585
1.2223
1.1898
1.1602
1.1401
1.1312
1.1348
1.1549
1.192
1.2452
1.3124
1.3819
1.4578
1.5373
1.6172
1.6975
1.7711
1.8347
1.8852
1.9204
1.9374
1.9348
1.9123
1.8612
1.7855
1.6889
1.5771
1.4691
1.3594
1.2535
1.1569
1.0945
1.0428
1.0041
0.97449
0.9513
0.93925
0.94147
0.96186
0.99368
1.0366
1.0864
1.142
1.2037
1.2705
1.3415
1.4158
1.5332
1.6516
1.7669
1.8746
1.9794
2.0651
2.1274
2.1629
2.1691
2.1423
2.0826
1.9922
1.865
1.7128
1.5432
1.3655
1.2077
1.0564
0.90798
0.75227
0.60395
0.45252
0.3031
0.16016
0.027631
-0.090969
-0.19283
-0.27595
-0.34087
-0.38334
-0.40316
-0.40075
-0.37882
-0.33889
-0.28232
-0.21058
-0.10923
0.0083254
0.13982
0.28355
0.42103
0.56684
0.7211
0.8846
1.0121
1.1323
1.2348
1.3194
1.3911
1.451
1.5001
1.5395
1.5798
1.6052
1.6171
1.6171
1.6063
1.5856
1.5567
1.5218
1.4873
1.4511
1.4147
1.3795
1.3439
1.3134
1.2895
1.2736
1.2663
1.2696
1.2836
1.3079
1.3461
1.3943
1.4502
1.5107
1.5669
1.6215
1.6719
1.7157
1.7499
1.7738
1.786
1.7856
1.77
1.7389
1.6934
1.6355
1.5625
1.4828
1.4014
1.3236
1.2647
1.215
1.1772
1.1532
1.1446
1.1526
1.1774
1.2183
1.2717
1.3367
1.4108
1.4911
1.5736
1.6553
1.7324
1.8015
1.8601
1.9041
1.931
1.9393
1.9263
1.8902
1.8322
1.7546
1.6529
1.5381
1.4169
1.2968
1.1991
1.1132
1.0436
0.9918
0.95391
0.93538
0.94578
0.98723
1.0052
1.0257
1.0479
1.0717
1.0972
1.1243
1.1528
1.1829
1.2454
1.3122
1.3826
1.4555
1.5756
1.6954
1.8102
1.9158
2.0145
2.0925
2.1456
2.1708
2.1653
2.1255
2.0522
1.9485
1.8105
1.6503
1.4761
1.2975
1.1447
0.99696
0.8444
0.68171
0.52705
0.37167
0.22084
0.07903
-0.049953
-0.16274
-0.25677
-0.33037
-0.38589
-0.41586
-0.4206
-0.40121
-0.36166
-0.30335
-0.22829
-0.13848
-0.028391
0.09393
0.22653
0.3681
0.4989
0.63594
0.77964
0.93103
1.0611
1.1771
1.2741
1.353
1.4181
1.4708
1.5125
1.5445
1.5718
1.5876
1.593
1.5894
1.5773
1.5581
1.533
1.5037
1.4746
1.4445
1.4149
1.3869
1.3596
1.3372
1.3208
1.3113
1.3096
1.3168
1.3331
1.3579
1.3951
1.4402
1.4906
1.5432
1.5885
1.6309
1.6682
1.6986
1.72
1.7321
1.7339
1.7252
1.7019
1.6651
1.6166
1.5592
1.502
1.4429
1.385
1.3311
1.2871
1.2515
1.2261
1.2124
1.2114
1.2248
1.2524
1.2931
1.3449
1.4059
1.4734
1.5442
1.6121
1.6769
1.7356
1.7853
1.8237
1.8486
1.8583
1.8521
1.8257
1.7794
1.7151
1.6361
1.5481
1.4546
1.3607
1.2715
1.1997
1.1396
1.0943
1.0661
1.0568
1.0686
1.1015
1.1545
1.2167
1.2913
1.3757
1.4671
1.5647
1.6624
1.7563
1.8425
1.9217
1.9841
2.0265
2.0465
2.0415
2.0087
1.9488
1.8641
1.7492
1.6156
1.4706
1.3224
1.231
1.1444
1.0649
0.99315
0.92332
0.85187
0.78178
0.71591
0.63828
0.58016
0.5478
0.54675
0.57897
0.64763
0.75657
0.90946
0.97607
1.0464
1.1164
1.185
1.2527
1.3193
1.3847
1.4489
1.603
1.7466
1.8771
1.9922
2.1121
2.1992
2.2498
2.2619
2.2319
2.1579
2.0431
1.8932
1.7169
1.5224
1.3199
1.1205
0.94418
0.75473
0.54197
0.30981
0.11079
-0.090862
-0.29203
-0.49033
-0.70088
-0.90266
-1.0852
-1.229
-1.3236
-1.3812
-1.4087
-1.4128
-1.4031
-1.3839
-1.3577
-1.3268
-1.2888
-1.2503
-1.2138
-1.1816
-1.153
-1.1345
-1.1278
-1.1339
-1.1575
-1.1985
-1.2559
-1.3272
-1.3985
-1.4755
-1.5553
-1.635
-1.7149
-1.7875
-1.8492
-1.8971
-1.9291
-1.9425
-1.9359
-1.9092
-1.8533
-1.7733
-1.6732
-1.5587
-1.4497
-1.34
-1.235
-1.1401
-1.0798
-1.0301
-0.99248
-0.96309
-0.9399
-0.92821
-0.93137
-0.95268
-0.98732
-1.0347
-1.0901
-1.1519
-1.2202
-1.2936
-1.3712
-1.4518
-1.575
-1.6975
-1.8146
-1.9219
-2.021
-2.0988
-2.1512
-2.1752
-2.1678
-2.1258
-2.05
-1.9435
-1.8032
-1.641
-1.4653
-1.2858
-1.1332
-0.98514
-0.83056
-0.66498
-0.50769
-0.34991
-0.19685
-0.052965
0.078004
0.19276
0.28886
0.36472
0.42296
0.45637
0.46551
0.4517
0.4187
0.36839
0.30305
0.22499
0.12911
0.023989
-0.087844
-0.20445
-0.30865
-0.41476
-0.5226
-0.6325
-0.72798
-0.82632
-0.92693
-1.029
-1.1231
-1.2025
-1.2696
-1.3269
-1.3751
-1.4165
-1.452
-1.4823
-1.5131
-1.5374
-1.5557
-1.5684
-1.5769
-1.5779
-1.5718
-1.5597
-1.5425
-1.5213
-1.4974
-1.4723
-1.4506
-1.4303
-1.4122
-1.3972
-1.3861
-1.3796
-1.3784
-1.3824
-1.3939
-1.4123
-1.4366
-1.4657
-1.4951
-1.5256
-1.5558
-1.584
-1.6074
-1.6265
-1.6404
-1.6484
-1.6499
-1.644
-1.6308
-1.6108
-1.5844
-1.5529
-1.5177
-1.4805
-1.4432
-1.4076
-1.3756
-1.349
-1.33
-1.3182
-1.3143
-1.3186
-1.3338
-1.3593
-1.3942
-1.4366
-1.4816
-1.529
-1.5764
-1.6212
-1.6579
-1.6885
-1.7114
-1.7254
-1.7295
-1.7227
-1.7049
-1.6767
-1.6291
-1.5703
-1.5041
-1.435
-1.3797
-1.3287
-1.2848
-1.2502
-1.2277
-1.2169
-1.2186
-1.233
-1.2635
-1.308
-1.3648
-1.4309
-1.4977
-1.5666
-1.6343
-1.6976
-1.7519
-1.7963
-1.8286
-1.847
-1.8502
-1.8363
-1.8053
-1.7583
-1.6867
-1.6003
-1.5041
-1.4043
-1.321
-1.2438
-1.1766
-1.123
-1.0868
-1.0681
-1.0685
-1.0885
-1.1274
-1.1843
-1.2571
-1.343
-1.4219
-1.505
-1.5899
-1.6741
-1.769
-1.8548
-1.9277
-1.984
-2.0216
-2.0365
-2.0273
-1.9937
-1.9264
-1.8312
-1.7126
-1.5771
-1.4466
-1.3149
-1.1883
-1.0732
-0.97637
-0.88493
-0.79565
-0.71378
-0.65775
-0.61765
-0.59742
-0.60064
-0.61879
-0.65136
-0.69945
-0.76411
-0.8462
-0.94635
-1.0609
-1.18
-1.3143
-1.4448
-1.5705
-1.6902
-1.8497
-1.989
-2.1033
-2.189
-2.2453
-2.262
-2.2378
-2.1736
-2.0671
-1.9248
-1.7535
-1.5621
-1.4276
-1.2919
-1.1583
-1.0302
-0.90037
-0.75794
-0.60276
-0.43723
-0.23362
-0.025139
0.18422
0.39134
0.59016
0.78915
0.98678
1.1545
1.2618
1.3357
1.3818
1.4054
1.4113
1.4043
1.387
1.3624
1.3313
1.2971
1.2622
1.2287
1.1942
1.1666
1.1481
1.1402
1.1452
1.1653
1.2005
1.2498
1.3097
1.3792
1.4557
1.536
1.6174
1.6956
1.7673
1.8289
1.878
1.9112
1.9267
1.9232
1.8966
1.8464
1.7748
1.6851
1.5781
1.4628
1.3457
1.2342
1.1464
1.0734
1.0195
0.98335
0.96265
0.96189
0.9873
1.0355
1.0971
1.1731
1.2616
1.36
1.4506
1.5442
1.6385
1.7312
1.846
1.9489
2.0349
2.1
2.1416
2.155
2.1386
2.0924
2.0069
1.8893
1.7451
1.5819
1.4227
1.2642
1.1146
0.97467
0.84794
0.71094
0.56945
0.42873
0.28466
0.15271
0.037729
-0.056482
-0.12617
-0.17039
-0.18757
-0.17691
-0.1404
-0.078246
0.0092416
0.12163
0.25437
0.40989
0.58807
0.78924
0.96673
1.1443
1.2999
1.4315
1.5468
1.6452
1.7274
1.794
1.8603
1.9001
1.9141
1.904
1.8661
1.8027
1.7174
1.6155
1.5145
1.4086
1.3023
1.2
1.1012
1.0158
0.94383
0.87921
0.83117
0.79351
0.76986
0.76365
0.77544
0.80588
0.85716
0.93143
0.99791
1.0718
1.1471
1.2228
1.2998
1.3773
1.455
1.5322
1.6865
1.8313
1.9613
2.0714
2.1602
2.2179
2.2411
2.2284
2.1738
2.0784
1.9462
1.784
1.6049
1.4143
1.2221
1.0387
0.86876
0.67991
0.47427
0.25796
0.061165
-0.13368
-0.323
-0.5042
-0.67934
-0.8469
-1.0049
-1.132
-1.1926
-1.236
-1.265
-1.2823
-1.2905
-1.2912
-1.2864
-1.2778
-1.2641
-1.2491
-1.2346
-1.2226
-1.2137
-1.2112
-1.216
-1.2291
-1.2557
-1.294
-1.3429
-1.4005
-1.4639
-1.5305
-1.5971
-1.6606
-1.7145
-1.7599
-1.7947
-1.8168
-1.8251
-1.818
-1.7954
-1.758
-1.6966
-1.6198
-1.5321
-1.4391
-1.3601
-1.2856
-1.2194
-1.1649
-1.1263
-1.1035
-1.0979
-1.1104
-1.1422
-1.1923
-1.2591
-1.3396
-1.4156
-1.4965
-1.5796
-1.662
-1.7501
-1.8299
-1.8974
-1.9494
-1.984
-1.9974
-1.9884
-1.9569
-1.8936
-1.8039
-1.6925
-1.5654
-1.4439
-1.3215
-1.2042
-1.098
-1.015
-0.94369
-0.87686
-0.81927
-0.7818
-0.77049
-0.79219
-0.85318
-0.91364
-0.9907
-1.0798
-1.1749
-1.2715
-1.3692
-1.4673
-1.5645
-1.7195
-1.8636
-1.9911
-2.0969
-2.1779
-2.227
-2.2413
-2.2196
-2.1557
-2.0519
-1.9127
-1.7453
-1.5718
-1.3894
-1.2067
-1.0329
-0.86356
-0.67484
-0.4697
-0.25433
-0.0562
0.13979
0.33
0.51183
0.68675
0.85347
1.0096
1.1345
1.1941
1.2365
1.2645
1.2809
1.2882
1.2884
1.2831
1.2741
1.2603
1.2455
1.2316
1.2204
1.2127
1.2116
1.218
1.2327
1.2616
1.3023
1.3535
1.4131
1.4776
1.5446
1.611
1.6734
1.7254
1.7685
1.8004
1.8193
1.8242
1.8133
1.7867
1.7452
1.6801
1.6006
1.5115
1.4183
1.3406
1.2683
1.2051
1.1543
1.1196
1.1011
1.1001
1.1172
1.153
1.2063
1.2752
1.3569
1.4338
1.515
1.5977
1.6791
1.766
1.8436
1.9082
1.9569
1.9874
1.9965
1.9831
1.9473
1.8794
1.786
1.6717
1.5431
1.4217
1.3005
1.1855
1.0825
1.0005
0.92902
0.86334
0.80853
0.77723
0.76705
0.78281
0.82904
0.88277
0.95557
1.0451
1.1433
1.2426
1.3434
1.4448
1.5455
1.7021
1.8483
1.9783
2.0869
2.171
2.2234
2.2412
2.2229
2.1625
2.062
1.9255
1.7601
1.5845
1.3992
1.2131
1.0357
0.86633
0.67782
0.47274
0.25723
0.059999
-0.13518
-0.32469
-0.50592
-0.68044
-0.84728
-1.0046
-1.131
-1.1913
-1.2344
-1.2631
-1.2803
-1.2882
-1.2889
-1.2841
-1.2755
-1.2621
-1.2474
-1.2334
-1.2219
-1.2137
-1.212
-1.2177
-1.2315
-1.2592
-1.2985
-1.3483
-1.4067
-1.4704
-1.537
-1.6033
-1.6661
-1.719
-1.7632
-1.7965
-1.8171
-1.8237
-1.8149
-1.7905
-1.7513
-1.6883
-1.6104
-1.5223
-1.4294
-1.3512
-1.278
-1.2134
-1.1608
-1.1241
-1.1034
-1.1001
-1.1147
-1.1484
-1.2
-1.2676
-1.3485
-1.4249
-1.5059
-1.5886
-1.6704
-1.7577
-1.8361
-1.9019
-1.9521
-1.9844
-1.9955
-1.9843
-1.9506
-1.885
-1.7936
-1.681
-1.5534
-1.4323
-1.3109
-1.1951
-1.0909
-1.009
-0.93828
-0.87287
-0.81761
-0.78429
-0.7747
-0.79464
-0.8495
-0.90703
-0.98158
-1.0693
-1.1637
-1.2596
-1.3569
-1.4547
-1.5519
-1.7066
-1.851
-1.9795
-2.0869
-2.1703
-2.2223
-2.2398
-2.2214
-2.1611
-2.0606
-1.9243
-1.7592
-1.5839
-1.3989
-1.2132
-1.0363
-0.86749
-0.67975
-0.47558
-0.2611
-0.065117
0.1287
0.31674
0.49638
0.66827
0.83349
0.99142
1.1197
1.1809
1.225
1.2548
1.2731
1.2822
1.284
1.2804
1.2729
1.2607
1.2472
1.2343
1.2237
1.2164
1.2152
1.2213
1.2352
1.2628
1.3017
1.3508
1.4082
1.4714
1.5375
1.6032
1.6653
1.7171
1.7604
1.7927
1.8125
1.8185
1.8092
1.7846
1.7454
1.6827
1.6054
1.5181
1.4265
1.3498
1.278
1.215
1.1639
1.1286
1.1091
1.1067
1.122
1.1561
1.2079
1.2753
1.3557
1.4319
1.5124
1.5946
1.6755
1.7608
1.8371
1.9007
1.9486
1.9786
1.9876
1.9745
1.9394
1.8726
1.7807
1.6682
1.5416
1.4223
1.3032
1.1902
1.0891
1.0102
0.94342
0.88284
0.83347
0.80643
0.80462
0.83407
0.9004
1.0027
1.129
1.2619
1.3965
1.5149
1.6321
1.7456
1.8528
1.9805
2.0871
2.1672
2.2172
2.2342
2.2148
2.1588
2.0683
1.9378
1.7783
1.5976
1.4055
1.2308
1.0605
0.88948
0.70569
0.52774
0.34143
0.15171
-0.037162
-0.22162
-0.39857
-0.56578
-0.72203
-0.89197
-1.037
-1.1425
-1.2078
-1.2359
-1.2507
-1.2556
-1.2534
-1.247
-1.2383
-1.2293
-1.2214
-1.2158
-1.2152
-1.2207
-1.2333
-1.2578
-1.2926
-1.3369
-1.3892
-1.4504
-1.5154
-1.5811
-1.6441
-1.6971
-1.7424
-1.7776
-1.8008
-1.8108
-1.8064
-1.7872
-1.7539
-1.6972
-1.625
-1.5416
-1.4524
-1.3762
-1.3037
-1.2388
-1.1848
-1.1461
-1.1223
-1.1148
-1.1245
-1.1534
-1.2006
-1.2644
-1.3421
-1.4165
-1.4959
-1.5774
-1.6583
-1.7426
-1.8187
-1.8829
-1.9321
-1.9643
-1.9763
-1.9667
-1.9356
-1.8736
-1.7864
-1.6783
-1.5555
-1.4388
-1.3217
-1.2098
-1.109
-1.0297
-0.96498
-0.91088
-0.86831
-0.84644
-0.84643
-0.87259
-0.93156
-0.98435
-1.0468
-1.1131
-1.1819
-1.2536
-1.3276
-1.4031
-1.4795
-1.6201
-1.7563
-1.8831
-1.9957
-2.0945
-2.1672
-2.2097
-2.2196
-2.1925
-2.1263
-2.0234
-1.8883
-1.7251
-1.5438
-1.354
-1.1661
-1.0102
-0.85154
-0.67281
-0.47697
-0.28808
-0.10045
0.080781
0.25163
0.40255
0.53914
0.66033
0.766
0.86315
0.9454
1.0138
1.0634
1.0887
1.1059
1.1186
1.1297
1.1416
1.1559
1.1739
1.1964
1.2317
1.275
1.3257
1.3827
1.4523
1.5248
1.5967
1.6647
1.7211
1.7681
1.8034
1.825
1.8318
1.8226
1.7973
1.7567
1.692
1.6122
1.522
1.427
1.3469
1.2718
1.2055
1.1516
1.1139
1.0926
1.0892
1.1041
1.1384
1.1908
1.2596
1.3418
1.4188
1.5005
1.5842
1.6671
1.7572
1.8385
1.9074
1.9604
1.9955
2.0089
1.9995
1.967
1.902
1.8104
1.6965
1.5668
1.4426
1.3176
1.1977
1.0892
1.0022
0.92483
0.85143
0.7869
0.74508
0.72347
0.72706
0.76044
0.80853
0.88377
0.98791
1.1066
1.2246
1.3436
1.4622
1.579
1.7439
1.8951
2.0261
2.1316
2.2065
2.2474
2.2517
2.2186
2.1424
2.027
1.8774
1.7014
1.5229
1.3387
1.158
0.98553
0.80882
0.60885
0.39342
0.16943
-0.049224
-0.26509
-0.47427
-0.6743
-0.87387
-1.0494
-1.1813
-1.2668
-1.3064
-1.3283
-1.336
-1.3328
-1.3215
-1.3045
-1.284
-1.2619
-1.237
-1.2148
-1.1973
-1.1862
-1.1829
-1.1902
-1.2085
-1.2379
-1.2834
-1.3407
-1.4073
-1.4802
-1.5526
-1.6244
-1.6921
-1.7526
-1.8018
-1.8385
-1.8609
-1.8675
-1.8561
-1.8254
-1.7761
-1.7106
-1.6231
-1.5245
-1.4208
-1.3186
-1.238
-1.1674
-1.1103
-1.0698
-1.0484
-1.0469
-1.066
-1.1053
-1.1592
-1.2281
-1.3096
-1.4009
-1.4905
-1.5826
-1.6743
-1.7624
-1.8555
-1.9355
-1.9984
-2.0411
-2.0613
-2.0558
-2.024
-1.9666
-1.8742
-1.7565
-1.6196
-1.4709
-1.3334
-1.2014
-1.0821
-0.97472
-0.88265
-0.78899
-0.69915
-0.6182
-0.54556
-0.49523
-0.47267
-0.48269
-0.51694
-0.5768
-0.66427
-0.78125
-0.93468
-1.1073
-1.2765
-1.4356
-1.558
-1.6735
-1.7812
-1.8803
-2.0191
-2.1291
-2.2067
-2.2495
-2.255
-2.2161
-2.1341
-2.0131
-1.8588
-1.6789
-1.4827
-1.2805
-1.1065
-0.93167
-0.737
-0.5196
-0.29543
-0.063463
0.17057
0.40231
0.60787
0.81165
1.0099
1.1752
1.2806
1.3512
1.393
1.4117
1.4129
1.4021
1.3818
1.3547
1.321
1.2849
1.2487
1.2146
1.1807
1.1546
1.1385
1.1337
1.143
1.1683
1.2092
1.2644
1.3278
1.4
1.4781
1.5592
1.6414
1.7194
1.7898
1.8493
1.8954
1.9248
1.9356
1.9269
1.8933
1.8354
1.7556
1.6581
1.5518
1.4393
1.3265
1.2196
1.1314
1.0591
1.0075
0.97191
0.95166
0.94728
0.9636
1.0022
1.0528
1.1146
1.1864
1.2668
1.3423
1.4218
1.504
1.5873
1.7093
1.8256
1.9312
2.0217
2.0959
2.145
2.1658
2.1567
2.1106
2.0276
1.9111
1.767
1.6037
1.4292
1.253
1.0851
0.94267
0.79372
0.63343
0.46678
0.32892
0.19717
0.075079
-0.034434
-0.13947
-0.22278
-0.28236
-0.31714
-0.32676
-0.31114
-0.27099
-0.20738
-0.10947
0.014238
0.16171
0.33139
0.45606
0.58994
0.7331
0.88587
1.044
1.1913
1.3174
1.4216
1.4948
1.5571
1.6091
1.6516
1.7013
1.7293
1.7372
1.727
1.6975
1.6511
1.5911
1.5214
1.4552
1.3875
1.3211
1.2591
1.2012
1.1541
1.1203
1.1018
1.1002
1.1181
1.1553
1.2104
1.2734
1.347
1.4286
1.5152
1.6075
1.6976
1.7817
1.856
1.9184
1.9636
1.9891
1.9932
1.9724
1.9251
1.853
1.7594
1.6422
1.5124
1.3774
1.2452
1.1675
1.0968
1.0354
0.98123
0.92949
0.88064
0.83758
0.8031
0.77476
0.77431
0.80831
0.8828
0.99261
1.127
1.2658
1.4042
1.5227
1.6393
1.7516
1.8575
1.9881
2.0963
2.177
2.2263
2.2415
2.2194
2.1598
2.0651
1.9308
1.7677
1.584
1.3895
1.214
1.0421
0.86645
0.67636
0.4894
0.29381
0.094754
-0.10343
-0.29717
-0.4834
-0.66006
-0.82622
-0.95264
-1.065
-1.1519
-1.2135
-1.2563
-1.283
-1.2968
-1.3005
-1.2969
-1.2881
-1.2758
-1.2618
-1.2443
-1.2285
-1.2163
-1.2091
-1.2085
-1.2167
-1.2341
-1.2609
-1.3042
-1.3586
-1.4216
-1.4904
-1.5571
-1.6227
-1.6839
-1.7377
-1.7798
-1.8103
-1.8275
-1.8303
-1.8162
-1.7844
-1.7359
-1.6729
-1.5902
-1.4986
-1.4038
-1.312
-1.242
-1.1821
-1.1353
-1.1043
-1.0907
-1.0959
-1.1201
-1.1628
-1.2182
-1.2868
-1.3661
-1.453
-1.5439
-1.6355
-1.724
-1.8058
-1.8808
-1.9408
-1.9826
-2.004
-2.0028
-1.9761
-1.9246
-1.85
-1.7458
-1.6232
-1.4889
-1.3507
-1.2596
-1.1731
-1.0936
-1.0235
-0.96038
-0.90004
-0.84335
-0.79333
-0.75027
-0.72534
-0.72312
-0.74786
-0.80319
-0.89741
-1.0297
-1.1804
-1.3026
-1.4247
-1.5451
-1.6623
-1.8209
-1.9624
-2.0808
-2.1709
-2.2282
-2.2503
-2.2355
-2.1839
-2.0893
-1.9581
-1.7963
-1.6124
-1.4857
-1.3567
-1.2283
-1.1036
-0.98465
-0.86129
-0.72503
-0.57655
-0.40591
-0.23005
-0.052287
0.12458
0.3147
0.49828
0.67352
0.83956
0.94928
1.0495
1.1318
1.1953
1.2434
1.278
1.301
1.3145
1.3203
1.3185
1.3108
1.2989
1.2803
1.2598
1.2394
1.2211
1.205
1.1954
1.1937
1.2009
1.221
1.2539
1.2987
1.3539
1.4166
1.4846
1.5551
1.6246
1.688
1.7444
1.7912
1.8259
1.8467
1.8523
1.8419
1.8155
1.7639
1.6931
1.6068
1.5104
1.4226
1.3361
1.2553
1.1843
1.1297
1.0902
1.0682
1.0649
1.083
1.1233
1.1844
1.2638
1.3386
1.4206
1.5074
1.5961
1.6949
1.7881
1.8716
1.9415
1.9957
2.0291
2.0392
2.0251
1.9793
1.9032
1.8002
1.6757
1.5459
1.4096
1.2738
1.1456
1.0434
0.95091
0.8585
0.76883
0.68846
0.62937
0.59942
0.60555
0.63083
0.67457
0.73829
0.82342
0.93413
1.0612
1.1915
1.3196
1.4366
1.55
1.6587
1.7619
1.9163
2.0477
2.151
2.2226
2.2608
2.2582
2.214
2.1303
2.0059
1.8487
1.6665
1.4686
1.2829
1.1015
0.92237
0.72958
0.5109
0.27681
0.034586
-0.20986
-0.38041
-0.54827
-0.71248
-0.87248
-0.98769
-1.0935
-1.181
-1.2503
-1.306
-1.349
-1.3807
-1.4024
-1.4189
-1.4199
-1.4085
-1.3876
-1.3597
-1.3271
-1.2921
-1.2567
-1.2167
-1.1816
-1.1539
-1.1355
-1.1278
-1.1341
-1.1551
-1.1905
-1.2411
-1.3045
-1.3783
-1.4595
-1.5437
-1.6282
-1.7092
-1.783
-1.8462
-1.8956
-1.9283
-1.9427
-1.9364
-1.9075
-1.8565
-1.7855
-1.6883
-1.5761
-1.4552
-1.3329
-1.2315
-1.1397
-1.0622
-1.003
-0.95905
-0.93076
-0.92654
-0.95073
-0.96605
-0.98592
-1.0101
-1.0375
-1.067
-1.0985
-1.132
-1.1674
-1.221
-1.2777
-1.337
-1.3985
-1.5169
-1.6367
-1.7537
-1.8637
-1.972
-2.0616
-2.1279
-2.1674
-2.1776
-2.1548
-2.0989
-2.0119
-1.8871
-1.7361
-1.5664
-1.3874
-1.2263
-1.0721
-0.92217
-0.76512
-0.58506
-0.40035
-0.21952
-0.049644
0.081625
0.19754
0.29574
0.37472
0.43839
0.47756
0.49278
0.48543
0.45963
0.41758
0.36157
0.29396
0.20891
0.11596
0.018099
-0.082235
-0.17235
-0.26171
-0.34963
-0.43593
-0.53246
-0.62831
-0.72535
-0.82632
-0.86083
-0.89628
-0.93281
-0.97059
-1.0094
-1.0473
-1.0828
-1.1161
-1.1492
-1.1806
-1.2103
-1.2387
-1.2977
-1.3516
-1.4012
-1.4471
-1.5003
-1.5475
-1.588
-1.6214
-1.6508
-1.6683
-1.6728
-1.6647
-1.6439
-1.6116
-1.5697
-1.521
-1.4766
-1.4318
-1.389
-1.3504
-1.3196
-1.2961
-1.281
-1.2753
-1.2801
-1.2966
-1.3243
-1.362
-1.4098
-1.4641
-1.5223
-1.5811
-1.6323
-1.6788
-1.7184
-1.7491
-1.7692
-1.7776
-1.7736
-1.7571
-1.7204
-1.6672
-1.6005
-1.5245
-1.4544
-1.3845
-1.3186
-1.26
-1.2151
-1.1818
-1.1619
-1.1568
-1.1685
-1.1983
-1.2454
-1.3076
-1.373
-1.4456
-1.5225
-1.6006
-1.6785
-1.7507
-1.8139
-1.865
-1.902
-1.9217
-1.9228
-1.9047
-1.8591
-1.7891
-1.6981
-1.5913
-1.4868
-1.3797
-1.2755
-1.1797
-1.1011
-1.0398
-0.99966
-0.97706
-0.9699
-0.98163
-1.0148
-1.0666
-1.133
-1.2125
-1.3029
-1.4017
-1.4996
-1.5996
-1.6988
-1.7944
-1.903
-1.9967
-2.0709
-2.1219
-2.1472
-2.1429
-2.1083
-2.0441
-1.9412
-1.8094
-1.6552
-1.4869
-1.378
-1.2697
-1.1644
-1.0647
-0.97003
-0.87302
-0.76939
-0.66053
-0.53862
-0.41871
-0.30415
-0.1979
-0.092995
-0.0047438
0.064202
0.11184
0.13722
0.13656
0.10912
0.054603
-0.032029
-0.14845
-0.29442
-0.46988
-0.67997
-0.91575
-1.1583
-1.3783
-1.5353
-1.6654
-1.7697
-1.8496
-1.9089
-1.9421
-1.9497
-1.9335
-1.8865
-1.8124
-1.7153
-1.601
-1.4892
-1.3732
-1.2581
-1.1488
-1.0502
-0.96109
-0.87316
-0.78838
-0.7098
-0.65283
-0.62582
-0.63617
-0.65943
-0.69644
-0.74818
-0.81564
-0.90065
-1.0002
-1.108
-1.2176
-1.3378
-1.4553
-1.5692
-1.6785
-1.8397
-1.9811
-2.0976
-2.1851
-2.2417
-2.2599
-2.238
-2.1769
-2.0732
-1.9335
-1.7644
-1.5747
-1.4426
-1.309
-1.1771
-1.0501
-0.92345
-0.78647
-0.63668
-0.476
-0.28526
-0.08949
0.10772
0.30347
0.50586
0.70505
0.89999
1.0758
1.1902
1.2738
1.3313
1.3673
1.3861
1.3899
1.3816
1.3643
1.3404
1.3123
1.282
1.2515
1.2177
1.1887
1.1668
1.1537
1.1511
1.1617
1.186
1.2235
1.2756
1.339
1.4115
1.49
1.5694
1.6478
1.7216
1.7873
1.8417
1.8821
1.9063
1.9127
1.8988
1.8631
1.8066
1.7319
1.6343
1.5248
1.4098
1.2966
1.2063
1.127
1.0629
1.0173
0.99076
0.9859
1.0065
1.0513
1.1143
1.1951
1.2907
1.3978
1.4909
1.5862
1.6813
1.7734
1.8801
1.973
2.0477
2.1004
2.1286
2.1285
2.0992
2.0414
1.9451
1.8199
1.6718
1.5088
1.3948
1.281
1.1706
1.0664
0.96828
0.86814
0.76175
0.65101
0.53582
0.42475
0.32125
0.22838
0.14173
0.074489
0.029382
0.0085336
0.015522
0.055426
0.12952
0.23872
0.3308
0.43885
0.56313
0.70394
0.86422
1.0343
1.2
1.3524
1.5037
1.6368
1.7519
1.8495
1.9487
2.019
2.0603
2.073
2.0542
2.0015
1.9177
1.8076
1.6736
1.5246
1.3681
1.2123
1.0791
0.95053
0.81377
0.66828
0.51366
0.36568
0.23186
0.11841
0.040688
-0.014889
-0.045997
-0.050953
-0.027364
0.026331
0.11074
0.22626
0.33334
0.4582
0.60104
0.76223
0.94775
1.1377
1.3085
1.4566
1.5937
1.7117
1.8109
1.8917
1.9685
2.0157
2.0336
2.0232
1.9797
1.9048
1.8027
1.6791
1.5549
1.4237
1.2908
1.162
1.0436
0.93085
0.81037
0.68431
0.56369
0.45398
0.36143
0.29141
0.25076
0.2369
0.25276
0.30076
0.38363
0.50317
0.6613
0.86001
1.0102
1.1638
1.3075
1.439
1.5618
1.675
1.7782
1.8712
1.9999
2.0981
2.1637
2.1959
2.1929
2.1497
2.0685
1.9535
1.8035
1.6304
1.4433
1.2522
1.0903
0.92865
0.74932
0.55068
0.349
0.14338
-0.060491
-0.25814
-0.43709
-0.60498
-0.76055
-0.90367
-1.0065
-1.0928
-1.156
-1.1982
-1.2259
-1.2418
-1.2485
-1.2487
-1.2442
-1.2369
-1.2288
-1.2214
-1.2157
-1.2144
-1.219
-1.2301
-1.2524
-1.2845
-1.326
-1.3755
-1.4354
-1.4999
-1.5657
-1.6296
-1.6841
-1.7314
-1.769
-1.7952
-1.8083
-1.8074
-1.7922
-1.763
-1.7104
-1.6416
-1.5605
-1.4724
-1.3957
-1.3219
-1.2547
-1.1978
-1.1559
-1.1284
-1.1169
-1.1223
-1.147
-1.1909
-1.2523
-1.3284
-1.4017
-1.4805
-1.5621
-1.6436
-1.7284
-1.8057
-1.8716
-1.9232
-1.9584
-1.9736
-1.9676
-1.9401
-1.882
-1.7983
-1.693
-1.5722
-1.4561
-1.3387
-1.2258
-1.1232
-1.0413
-0.9744
-0.91974
-0.87657
-0.85282
-0.84783
-0.86602
-0.91161
-1.0009
-1.1173
-1.2436
-1.375
-1.518
-1.6603
-1.7968
-1.9221
-2.0346
-2.1239
-2.1856
-2.2161
-2.2128
-2.1725
-2.0961
-1.9865
-1.8412
-1.6719
-1.4871
-1.2969
-1.1335
-0.97274
-0.80099
-0.61365
-0.3894
-0.16123
0.061473
0.2717
0.42928
0.57317
0.70235
0.81683
0.92653
1.0167
1.0813
1.1216
1.1436
1.1563
1.1642
1.1712
1.179
1.1896
1.2041
1.2233
1.2552
1.2954
1.3433
1.3975
1.4631
1.5313
1.5988
1.6621
1.7131
1.7551
1.786
1.8042
1.8083
1.7974
1.7715
1.7314
1.6684
1.5917
1.5059
1.4166
1.3428
1.2744
1.2149
1.1675
1.1355
1.1191
1.1195
1.1371
1.1729
1.2255
1.293
1.3726
1.449
1.5293
1.6106
1.69
1.7713
1.843
1.9015
1.944
1.9685
1.9722
1.9543
1.9152
1.8449
1.7509
1.6381
1.5129
1.397
1.2827
1.1756
1.0812
1.0086
0.94903
0.898
0.86063
0.84853
0.84905
0.86435
0.89648
0.94862
1.018
1.0988
1.1865
1.2622
1.3403
1.4201
1.5006
1.6408
1.7759
1.9006
2.0103
2.1046
2.1722
2.2094
2.2138
2.1805
2.108
1.9989
1.8584
1.6921
1.5095
1.3204
1.1351
0.97826
0.8155
0.63439
0.43859
0.27332
0.10934
-0.049921
-0.20167
-0.35503
-0.49475
-0.61947
-0.72884
-0.81052
-0.88199
-0.94433
-0.99906
-1.0425
-1.0727
-1.0934
-1.1083
-1.1203
-1.1317
-1.1442
-1.1592
-1.1817
-1.2101
-1.2449
-1.2862
-1.3471
-1.4154
-1.4885
-1.5629
-1.6307
-1.693
-1.7467
-1.7889
-1.8163
-1.8297
-1.8282
-1.8114
-1.7718
-1.7127
-1.637
-1.5495
-1.4666
-1.3829
-1.3026
-1.2301
-1.1731
-1.1292
-1.1008
-1.0897
-1.0978
-1.1271
-1.1769
-1.245
-1.3146
-1.3928
-1.477
-1.5644
-1.6583
-1.7481
-1.8297
-1.8994
-1.9551
-1.9918
-2.0071
-1.9999
-1.9645
-1.9011
-1.8122
-1.7022
-1.5769
-1.4431
-1.3081
-1.1798
-1.0792
-0.99117
-0.91185
-0.83931
-0.77966
-0.73805
-0.7209
-0.73411
-0.74759
-0.76614
-0.79004
-0.81953
-0.85492
-0.89639
-0.94412
-0.99847
-1.0872
-1.177
-1.2674
-1.358
-1.5177
-1.6721
-1.8167
-1.9473
-2.0699
-2.1642
-2.2252
-2.2499
-2.2358
-2.1807
-2.0865
-1.9573
-1.7959
-1.6126
-1.4167
-1.2188
-1.0548
-0.88988
-0.70159
-0.49105
-0.29693
-0.099827
0.095847
0.28659
0.47113
0.64575
0.80931
0.96173
1.1032
1.1989
1.2543
1.2792
1.2842
1.2756
1.2587
1.239
1.224
1.2116
1.2034
1.2006
1.2056
1.2204
1.2454
1.2803
1.3303
1.3898
1.4563
1.5267
1.5933
1.6572
1.7152
1.7644
1.8017
1.8262
1.8365
1.8318
1.8082
1.7659
1.7066
1.6334
1.5502
1.4614
1.3719
1.2868
1.219
1.1621
1.1191
1.0922
1.0831
1.0937
1.1242
1.1735
1.2333
1.3052
1.3869
1.4752
1.57
1.6645
1.7546
1.8365
1.9085
1.9641
2.0003
2.0151
2.0057
1.9698
1.9082
1.8235
1.7108
1.5816
1.443
1.3033
1.2211
1.1436
1.0724
1.0093
0.95083
0.89308
0.8378
0.78741
0.73355
0.69833
0.68712
0.70483
0.74037
0.79663
0.87506
0.97824
1.0979
1.2205
1.3427
1.463
1.5772
1.6873
1.7919
1.8894
2.0243
2.1322
2.2081
2.2485
2.2508
2.2125
2.1344
2.0201
1.8696
1.6934
1.5003
1.3006
1.128
0.9558
0.76785
0.55972
0.32819
0.088799
-0.15124
-0.38651
-0.58206
-0.77264
-0.95521
-1.1119
-1.222
-1.2941
-1.3354
-1.3532
-1.3547
-1.347
-1.3323
-1.3129
-1.2875
-1.2608
-1.2351
-1.2122
-1.1919
-1.1794
-1.1761
-1.183
-1.2044
-1.24
-1.2889
-1.3493
-1.4148
-1.4857
-1.559
-1.6315
-1.6993
-1.7599
-1.8104
-1.8482
-1.8715
-1.8784
-1.8682
-1.8408
-1.787
-1.7127
-1.6218
-1.5197
-1.4258
-1.3328
-1.2454
-1.168
-1.1079
-1.0637
-1.0379
-1.0323
-1.0436
-1.0694
-1.1094
-1.1626
-1.2276
-1.3027
-1.3858
-1.4745
-1.5787
-1.6825
-1.7818
-1.8723
-1.9542
-2.0179
-2.0601
-2.0782
-2.0695
-2.0312
-1.9641
-1.871
-1.7475
-1.6053
-1.4522
-1.2967
-1.1642
-1.0422
-0.92916
-0.81652
-0.71208
-0.61303
-0.52483
-0.45244
-0.40004
-0.37266
-0.37417
-0.40793
-0.47996
-0.59255
-0.74846
-0.95103
-1.186
-1.4089
-1.6113
-1.7893
-1.9226
-2.0347
-2.1235
-2.1874
-2.2303
-2.2318
-2.1918
-2.1124
-1.9929
-1.8409
-1.6641
-1.4717
-1.2901
-1.1133
-0.94119
-0.75712
-0.55388
-0.33646
-0.11151
0.11542
0.32613
0.53132
0.72885
0.91779
1.0706
1.1912
1.2763
1.3299
1.36
1.371
1.367
1.3519
1.3316
1.3071
1.2804
1.2535
1.223
1.1969
1.1774
1.1661
1.1647
1.1757
1.1995
1.2359
1.287
1.3492
1.4201
1.4965
1.573
1.6482
1.7185
1.7807
1.8315
1.8686
1.89
1.8944
1.8789
1.8423
1.7859
1.7122
1.6167
1.5105
1.3998
1.2917
1.2066
1.1328
1.0741
1.0334
1.0133
1.015
1.0391
1.0851
1.1437
1.2171
1.3028
1.3981
1.4907
1.5858
1.6805
1.7719
1.8728
1.9601
2.0296
2.0776
2.102
2.0991
2.068
2.0095
1.9141
1.7913
1.6472
1.4896
1.3768
1.2648
1.1569
1.0564
0.96199
0.86618
0.76601
0.66392
0.56166
0.46652
0.38216
0.31185
0.25435
0.22082
0.21432
0.23739
0.29542
0.39033
0.52411
0.69872
0.87144
1.0609
1.2468
1.4189
1.5752
1.7152
1.8383
1.944
2.0522
2.1292
2.1735
2.1848
2.159
2.0934
1.9912
1.8578
1.6948
1.5143
1.3261
1.1405
0.98205
0.81716
0.63252
0.43151
0.25717
0.082958
-0.087569
-0.25154
-0.41528
-0.56713
-0.70595
-0.83156
-0.96074
-1.0657
-1.1346
-1.1724
-1.189
-1.1975
-1.2005
-1.2009
-1.2006
-1.2015
-1.2047
-1.2114
-1.2255
-1.2468
-1.2755
-1.3116
-1.3642
-1.4247
-1.4901
-1.5572
-1.6173
-1.6729
-1.7212
-1.7597
-1.7854
-1.7988
-1.7987
-1.785
-1.7512
-1.6999
-1.6336
-1.5562
-1.4816
-1.4056
-1.3322
-1.2652
-1.2116
-1.1696
-1.1413
-1.1284
-1.1326
-1.1558
-1.1973
-1.2557
-1.3198
-1.393
-1.4725
-1.5554
-1.6412
-1.7233
-1.7979
-1.8617
-1.9124
-1.9458
-1.9599
-1.9536
-1.9217
-1.8645
-1.7841
-1.6847
-1.5709
-1.4493
-1.3266
-1.2099
-1.1404
-1.0788
-1.0274
-0.98431
-0.94606
-0.91391
-0.89089
-0.87999
-0.88385
-0.9103
-0.96296
-1.037
-1.1226
-1.2166
-1.3173
-1.4229
-1.5413
-1.6593
-1.7736
-1.8806
-1.9936
-2.0862
-2.1538
-2.1928
-2.2007
-2.1737
-2.1121
-2.0181
-1.8862
-1.728
-1.5515
-1.3662
-1.2013
-1.0416
-0.88064
-0.70891
-0.54502
-0.37606
-0.20701
-0.042139
0.11489
0.26085
0.39333
0.51082
0.6252
0.71914
0.79373
0.85125
0.89103
0.92257
0.94929
0.975
1.0087
1.0464
1.0892
1.1392
1.1887
1.2452
1.308
1.3762
1.461
1.5475
1.632
1.7108
1.7771
1.8313
1.8707
1.8931
1.897
1.8812
1.8457
1.7919
1.7116
1.6151
1.5077
1.396
1.3013
1.2133
1.1364
1.0744
1.0317
1.009
1.0078
1.0289
1.0587
1.1002
1.1525
1.2147
1.2853
1.3627
1.4452
1.5309
1.6417
1.7498
1.8506
1.9398
2.017
2.073
2.1046
2.1098
2.0841
2.0258
1.9368
1.8213
1.6796
1.523
1.3597
1.1991
1.0711
0.94944
0.82183
0.68868
0.55195
0.42677
0.3211
0.24158
0.19866
0.18222
0.19495
0.23905
0.31668
0.42947
0.57901
0.76695
0.95458
1.1524
1.3339
1.4948
1.6417
1.7722
1.8857
1.9816
2.0797
2.1449
2.1761
2.1734
2.1316
2.0508
1.9349
1.7901
1.6297
1.4569
1.2799
1.1077
0.94954
0.78182
0.59618
0.39674
0.2266
0.057357
-0.1077
-0.26594
-0.42475
-0.57161
-0.70548
-0.82625
-0.95041
-1.0517
-1.1199
-1.1589
-1.1766
-1.1862
-1.1907
-1.1926
-1.1943
-1.1973
-1.2028
-1.2122
-1.2295
-1.2541
-1.2861
-1.3252
-1.3806
-1.4428
-1.5089
-1.5757
-1.6345
-1.6879
-1.7333
-1.7683
-1.7905
-1.7999
-1.7957
-1.7779
-1.738
-1.6802
-1.6077
-1.525
-1.4491
-1.3736
-1.3023
-1.239
-1.1906
-1.1548
-1.1336
-1.1283
-1.1414
-1.1741
-1.2254
-1.2932
-1.3618
-1.4378
-1.5183
-1.6002
-1.6846
-1.7633
-1.8327
-1.8895
-1.9316
-1.9552
-1.9588
-1.9416
-1.8956
-1.8234
-1.7283
-1.6158
-1.5036
-1.3878
-1.2742
-1.1688
-1.1037
-1.048
-1.0035
-0.96575
-0.93117
-0.9042
-0.88778
-0.88476
-0.89546
-0.92402
-0.97276
-1.0372
-1.1097
-1.1888
-1.2735
-1.3624
-1.4715
-1.5821
-1.6915
-1.7968
-1.9192
-2.025
-2.1093
-2.1678
-2.1978
-2.1956
-2.1602
-2.0926
-1.9841
-1.8444
-1.6802
-1.5004
-1.379
-1.258
-1.1403
-1.0287
-0.91767
-0.79803
-0.66972
-0.53511
-0.37215
-0.20978
-0.052123
0.097424
0.24521
0.37772
0.49308
0.59044
0.67453
0.739
0.78569
0.81742
0.83669
0.84929
0.85903
0.87
0.88408
0.90457
0.93355
0.97527
1.0301
1.0917
1.1574
1.2266
1.2856
1.3465
1.4088
1.4717
1.5688
1.6622
1.7485
1.8242
1.888
1.934
1.9597
1.9636
1.9428
1.8964
1.826
1.735
1.6222
1.4981
1.3697
1.2449
1.1708
1.1034
1.0448
0.99557
0.95218
0.91325
0.88193
0.86125
0.85461
0.86627
0.89906
0.95704
1.0095
1.0691
1.1322
1.1975
1.2656
1.3358
1.4075
1.4801
1.6174
1.7508
1.8753
1.9861
2.0842
2.1567
2.1997
2.2108
2.1856
2.1221
2.0224
1.8909
1.7307
1.5521
1.3647
1.1787
1.0267
0.87415
0.70185
0.51248
0.32644
0.14241
-0.034022
-0.19846
-0.34065
-0.46665
-0.57513
-0.66579
-0.74305
-0.80231
-0.84595
-0.87719
-0.90003
-0.91881
-0.93824
-0.9638
-1.0053
-1.0585
-1.1196
-1.189
-1.2589
-1.3352
-1.4161
-1.4996
-1.5925
-1.6813
-1.7619
-1.8305
-1.8819
-1.9164
-1.9318
-1.9272
-1.8983
-1.8451
-1.7698
-1.6762
-1.5688
-1.4538
-1.3376
-1.227
-1.1379
-1.0645
-1.0113
-0.97443
-0.95304
-0.94813
-0.96501
-1.0046
-1.0569
-1.1211
-1.1961
-1.2801
-1.3579
-1.4397
-1.5239
-1.609
-1.7306
-1.8455
-1.9489
-2.0362
-2.1059
-2.1499
-2.1652
-2.1505
-2.0979
-2.0085
-1.8861
-1.737
-1.5762
-1.4061
-1.2357
-1.0742
-0.93229
-0.78295
-0.62293
-0.45745
-0.3191
-0.18739
-0.065902
0.042383
0.14419
0.22401
0.27991
0.3109
0.31663
0.2972
0.25328
0.18595
0.08486
-0.041723
-0.19194
-0.36445
-0.53523
-0.73056
-0.94913
-1.1606
-1.3031
-1.4221
-1.52
-1.599
-1.6662
-1.7137
-1.7428
-1.7548
-1.7493
-1.7239
-1.6811
-1.6241
-1.5623
-1.4941
-1.4226
-1.3509
-1.2797
-1.2151
-1.16
-1.1173
-1.0884
-1.077
-1.0842
-1.1101
-1.1537
-1.2138
-1.2883
-1.3743
-1.4562
-1.5417
-1.6279
-1.7118
-1.8011
-1.8796
-1.9436
-1.9898
-2.0162
-2.0197
-1.9995
-1.9558
-1.8787
-1.7761
-1.6532
-1.5169
-1.3899
-1.2644
-1.1466
-1.0424
-0.95327
-0.86878
-0.79036
-0.72409
-0.68272
-0.66167
-0.66532
-0.69773
-0.75006
-0.83225
-0.94606
-1.0803
-1.2175
-1.3535
-1.4869
-1.6162
-1.779
-1.9256
-2.0508
-2.15
-2.2217
-2.2569
-2.2533
-2.2107
-2.1249
-2.0005
-1.8433
-1.6614
-1.5222
-1.379
-1.2359
-1.0969
-0.96236
-0.82024
-0.66279
-0.49147
-0.31198
-0.12779
0.057945
0.24263
0.44659
0.64511
0.83719
1.0182
1.1602
1.2595
1.3237
1.3602
1.3743
1.375
1.365
1.3471
1.323
1.2953
1.2663
1.2379
1.2079
1.1836
1.167
1.1597
1.1638
1.1814
1.2127
1.2568
1.3133
1.3796
1.453
1.5304
1.6073
1.6814
1.7492
1.8076
1.8537
1.8851
1.8997
1.8967
1.8719
1.8251
1.7582
1.6744
1.574
1.4658
1.3559
1.2511
1.1696
1.101
1.0488
1.0159
1.0044
1.016
1.051
1.1083
1.1801
1.2669
1.3657
1.4728
1.5753
1.6777
1.7765
1.8682
1.9592
2.0322
2.0832
2.1096
2.1086
2.077
2.0152
1.9257
1.8026
1.6579
1.4991
1.3351
1.1917
1.0577
0.93184
0.80391
0.67968
0.55732
0.44261
0.3407
0.25713
0.19466
0.15681
0.14646
0.16812
0.22574
0.32138
0.45678
0.58979
0.75747
0.96088
1.1706
1.3565
1.5238
1.6726
1.8029
1.9298
2.0303
2.103
2.1474
2.1635
2.1415
2.0827
1.9906
1.861
1.7052
1.5314
1.3491
1.1865
1.0279
0.8656
0.69099
0.51754
0.33818
0.1582
-0.017911
-0.1864
-0.344
-0.48839
-0.61827
-0.74369
-0.85286
-0.9483
-1.0261
-1.0719
-1.1021
-1.1216
-1.1351
-1.1449
-1.1546
-1.1657
-1.1793
-1.2007
-1.2281
-1.2619
-1.3021
-1.3612
-1.4275
-1.498
-1.5694
-1.6331
-1.6913
-1.7409
-1.7794
-1.8036
-1.8144
-1.811
-1.7931
-1.7526
-1.6933
-1.6184
-1.5327
-1.4533
-1.3739
-1.2985
-1.2313
-1.1794
-1.1404
-1.1166
-1.1095
-1.1212
-1.1535
-1.2054
-1.2745
-1.3442
-1.4216
-1.5041
-1.5886
-1.6776
-1.7614
-1.8362
-1.8985
-1.9461
-1.9748
-1.9828
-1.969
-1.9264
-1.8567
-1.7628
-1.6498
-1.5341
-1.4131
-1.2928
-1.1795
-1.1038
-1.0375
-0.98064
-0.92977
-0.88277
-0.84425
-0.81789
-0.80721
-0.81408
-0.83954
-0.88609
-0.95617
-1.0193
-1.0889
-1.161
-1.2345
-1.3097
-1.3861
-1.4631
-1.54
-1.6863
-1.8246
-1.9497
-2.0565
-2.144
-2.2021
-2.2274
-2.2182
-2.1682
-2.0777
-1.9505
-1.7931
-1.6156
-1.4258
-1.2339
-1.0506
-0.88562
-0.70428
-0.50697
-0.29954
-0.11507
0.066723
0.24229
0.40899
0.56754
0.71368
0.84705
0.96829
1.0765
1.149
1.1912
1.2114
1.2182
1.218
1.2143
1.2106
1.2095
1.212
1.219
1.2315
1.2551
1.2879
1.3292
1.378
1.4381
1.5024
1.5678
1.631
1.6839
1.7295
1.7654
1.7897
1.801
1.7986
1.782
1.7517
1.6984
1.6296
1.5493
1.4627
1.3882
1.3171
1.2529
1.199
1.16
1.1352
1.1262
1.1338
1.1603
1.2053
1.267
1.3427
1.4157
1.4939
1.5744
1.6542
1.7361
1.8099
1.8721
1.9198
1.9508
1.9622
1.9527
1.9223
1.8616
1.7764
1.6709
1.5511
1.4376
1.3239
1.2155
1.1179
1.0562
1.0036
0.95855
0.92038
0.89073
0.87345
0.87208
0.89002
0.91509
0.95319
1.0047
1.0648
1.1284
1.1957
1.2663
1.3396
1.455
1.572
1.6875
1.7985
1.9225
2.0293
2.1139
2.1722
2.2013
2.1977
2.1606
2.091
1.9805
1.8389
1.6733
1.4922
1.3692
1.2468
1.128
1.0158
0.90273
0.77967
0.64803
0.51052
0.33829
0.16725
0.0019781
-0.15384
-0.30031
-0.4313
-0.54523
-0.64155
-0.72507
-0.79023
-0.83924
-0.87518
-0.90117
-0.92244
-0.94306
-0.96818
-1.0077
-1.0572
-1.1144
-1.1797
-1.2422
-1.3106
-1.3838
-1.4602
-1.5506
-1.6388
-1.7209
-1.7932
-1.8505
-1.8924
-1.9164
-1.9213
-1.9043
-1.8644
-1.8029
-1.7228
-1.6208
-1.5076
-1.39
-1.2752
-1.1842
-1.1053
-1.0426
-0.99909
-0.97176
-0.96638
-0.99097
-1.0429
-1.1063
-1.185
-1.2766
-1.3784
-1.4712
-1.5666
-1.6622
-1.7555
-1.8675
-1.9663
-2.0474
-2.1068
-2.1418
-2.1484
-2.1253
-2.0728
-1.9811
-1.8586
-1.7112
-1.5466
-1.4241
-1.301
-1.1809
-1.0673
-0.95943
-0.84805
-0.72905
-0.60473
-0.4792
-0.35747
-0.24306
-0.13902
-0.038374
0.042744
0.10172
0.13667
0.1464
0.13155
0.091709
0.02678
-0.071365
-0.19833
-0.35387
-0.53798
-0.75707
-0.99456
-1.2252
-1.4279
-1.5734
-1.6933
-1.7886
-1.8605
-1.9136
-1.9401
-1.9409
-1.9177
-1.8634
-1.7828
-1.6806
-1.5628
-1.4493
-1.3333
-1.22
-1.1143
-1.0227
-0.94076
-0.85882
-0.78097
-0.71745
-0.67597
-0.66347
-0.6862
-0.72609
-0.78734
-0.87123
-0.98051
-1.1061
-1.2334
-1.3596
-1.4832
-1.6055
-1.7225
-1.8322
-1.933
-2.0632
-2.1639
-2.2301
-2.2587
-2.2472
-2.1935
-2.0993
-1.9689
-1.8065
-1.6214
-1.4232
-1.2226
-1.0555
-0.88695
-0.69385
-0.47721
-0.27782
-0.074514
0.1284
0.32753
0.47767
0.62297
0.7628
0.89695
0.9977
1.0882
1.1614
1.218
1.2619
1.2945
1.3172
1.3313
1.339
1.3377
1.3291
1.3153
1.2944
1.2708
1.2466
1.2239
1.202
1.1864
1.1787
1.1801
1.1938
1.2206
1.2602
1.3114
1.3722
1.4402
1.5126
1.5863
1.6564
1.7212
1.7777
1.8231
1.855
1.8717
1.8718
1.855
1.8136
1.7505
1.6689
1.5735
1.481
1.3866
1.2951
1.2115
1.1444
1.0914
1.0555
1.0386
1.0428
1.0705
1.121
1.1924
1.264
1.3453
1.434
1.5271
1.6325
1.7352
1.8308
1.9152
1.9866
2.0381
2.0666
2.0703
2.0449
1.989
1.9043
1.7947
1.6604
1.5123
1.3584
1.2077
1.0878
0.97657
0.86528
0.75325
0.65967
0.57505
0.50413
0.45116
0.42002
0.41439
0.43759
0.49253
0.56001
0.6502
0.76434
0.90371
1.0631
1.2251
1.3788
1.5214
1.6302
1.7321
1.8266
1.913
2.0434
2.1437
2.2109
2.2432
2.2376
2.1883
2.0974
1.9694
1.8095
1.6265
1.4297
1.2299
1.0621
0.89283
0.6994
0.48234
0.27948
0.071988
-0.13573
-0.3402
-0.53581
-0.72671
-0.91182
-1.0766
-1.1849
-1.2622
-1.3136
-1.3441
-1.3576
-1.3585
-1.3496
-1.3333
-1.3108
-1.285
-1.258
-1.2319
-1.205
-1.1839
-1.1706
-1.1664
-1.1739
-1.1947
-1.2287
-1.2752
-1.3332
-1.4001
-1.4733
-1.5495
-1.6242
-1.6951
-1.7591
-1.8131
-1.8545
-1.8808
-1.8905
-1.8827
-1.8525
-1.8005
-1.7289
-1.6414
-1.5461
-1.4453
-1.3442
-1.2484
-1.1706
-1.1056
-1.0566
-1.0265
-1.0169
-1.0303
-1.0668
-1.1253
-1.1909
-1.2691
-1.3573
-1.4528
-1.5536
-1.6551
-1.7536
-1.8455
-1.9362
-2.0099
-2.0627
-2.0919
-2.0951
-2.0687
-2.0132
-1.9304
-1.8139
-1.6751
-1.5214
-1.3613
-1.254
-1.1522
-1.0593
-0.97216
-0.88216
-0.78808
-0.69336
-0.60132
-0.49276
-0.39986
-0.32824
-0.28273
-0.26748
-0.28712
-0.34503
-0.44403
-0.56772
-0.74071
-0.96517
-1.2012
-1.3746
-1.5339
-1.6789
-1.8088
-1.9469
-2.0586
-2.1419
-2.1953
-2.219
-2.202
-2.1452
-2.0516
-1.9191
-1.7578
-1.5758
-1.3828
-1.208
-1.036
-0.85881
-0.66612
-0.47229
-0.26882
-0.060982
0.14682
0.351
0.54854
0.73749
0.91709
1.0577
1.1701
1.2504
1.302
1.3323
1.3455
1.345
1.3344
1.3183
1.2982
1.276
1.2534
1.2282
1.2072
1.1921
1.1846
1.1865
1.1999
1.2251
1.2618
1.3129
1.3741
1.4431
1.5165
1.5881
1.6575
1.7214
1.7768
1.8204
1.8507
1.8659
1.8648
1.8443
1.8037
1.7446
1.6698
1.5768
1.4756
1.3725
1.2739
1.1987
1.1352
1.0869
1.0563
1.0453
1.0555
1.0873
1.1397
1.2017
1.2764
1.3615
1.454
1.5514
1.6494
1.7443
1.8324
1.9167
1.9846
2.0327
2.0583
2.059
2.0318
1.977
1.8967
1.7843
1.6513
1.5048
1.3531
1.2602
1.171
1.0874
1.0115
0.93878
0.86412
0.78906
0.71608
0.63006
0.55761
0.50381
0.4732
0.46982
0.49706
0.5584
0.65701
0.79244
0.96281
1.1538
1.3453
1.4887
1.6234
1.7483
1.8624
2.0018
2.1133
2.1934
2.2398
2.2504
2.2172
2.1413
2.0265
1.8772
1.7014
1.508
1.3073
1.1324
0.95757
0.76642
0.55417
0.31548
0.067352
-0.18297
-0.4301
-0.63483
-0.8357
-1.0275
-1.185
-1.2855
-1.3513
-1.3885
-1.4031
-1.4016
-1.3892
-1.3684
-1.3418
-1.3086
-1.2736
-1.2391
-1.2075
-1.1772
-1.1553
-1.1436
-1.1434
-1.158
-1.1886
-1.2345
-1.2941
-1.3598
-1.4329
-1.5107
-1.59
-1.669
-1.7427
-1.8075
-1.8603
-1.899
-1.9206
-1.9235
-1.9072
-1.8641
-1.7968
-1.7083
-1.6036
-1.4998
-1.3928
-1.288
-1.1909
-1.1106
-1.0469
-1.0039
-0.97838
-0.96839
-0.97741
-1.0088
-1.0594
-1.1245
-1.203
-1.2927
-1.3912
-1.4873
-1.5857
-1.6838
-1.7787
-1.8889
-1.9848
-2.0619
-2.1164
-2.1457
-2.1459
-2.1161
-2.0569
-1.9585
-1.8305
-1.6789
-1.512
-1.399
-1.2861
-1.1761
-1.0717
-0.97317
-0.87247
-0.76466
-0.65124
-0.53156
-0.41399
-0.30165
-0.19734
