1
0.91792
0.86791
0.84536
0.84674
0.86974
0.91267
0.97434
1.0545
1.1534
1.2715
1.4096
1.5692
1.7522
1.9606
2.1971
2.4644
2.7655
3.1045
3.4855
3.913
4.3916
4.926
5.5211
6.1788
6.9067
7.7115
8.5959
9.559
10.596
11.698
12.852
14.041
15.233
16.39
17.466
18.405
19.154
19.65
19.845
19.713
19.249
18.462
17.388
16.074
14.583
12.979
11.323
9.6654
8.0481
6.5021
5.0482
3.6994
2.4623
1.3379
0.32252
-0.58925
-1.4039
-2.1288
-2.7724
-3.3436
-3.8498
-4.2983
-4.6958
-5.0494
-5.3656
-5.6498
-5.9061
-6.1382
-6.3499
-6.5447
-6.7261
-6.8971
-7.0589
-7.213
-7.3606
-7.5028
-7.6409
-7.7757
-7.908
-8.0377
-8.1645
-8.2881
-8.4083
-8.5246
-8.6368
-8.7444
-8.8471
-8.9441
-9.0344
-9.117
-9.1909
-9.2554
-9.3099
-9.354
-9.3872
-9.4095
-9.4206
-9.4203
-9.4084
-9.3852
-9.3506
-9.3053
-9.2498
-9.1847
-9.1111
-9.0301
-8.9429
-8.8507
-8.7543
-8.655
-8.554
-8.4523
-8.3512
-8.2516
-8.1546
-8.0611
-7.9722
-7.8886
-7.8112
-7.7408
-7.6781
-7.6232
-7.5765
-7.5385
-7.5093
-7.4892
-7.4783
-7.4766
-7.4842
-7.5008
-7.5262
-7.5602
-7.6019
-7.6512
-7.7081
-7.7724
-7.8438
-7.9218
-8.006
-8.0957
-8.1901
-8.2883
-8.3891
-8.4915
-8.5942
-8.6957
-8.7956
-8.8936
-8.9882
-9.078
-9.1618
-9.2385
-9.3072
-9.3668
-9.4166
-9.4561
-9.4847
-9.5019
-9.5076
-9.5015
-9.4834
-9.4536
-9.4123
-9.36
-9.2972
-9.2248
-9.1436
-9.0546
-8.9589
-8.8579
-8.753
-8.6456
-8.5368
-8.4277
-8.3195
-8.2134
-8.1105
-8.0118
-7.9181
-7.8304
-7.7494
-7.6759
-7.6106
-7.554
-7.5066
-7.4684
-7.4394
-7.42
-7.4103
-7.4103
-7.42
-7.4393
-7.468
-7.5058
-7.5523
-7.6071
-7.6694
-7.7389
-7.8154
-7.8985
-7.9879
-8.0828
-8.1827
-8.2865
-8.3934
-8.5022
-8.6118
-8.7208
-8.8276
-8.9309
-9.0308
-9.126
-9.215
-9.2964
-9.369
-9.4317
-9.4837
-9.5243
-9.5529
-9.5691
-9.5728
-9.564
-9.5427
-9.509
-9.4629
-9.4052
-9.3365
-9.2576
-9.1696
-9.0736
-8.9707
-8.8622
-8.7495
-8.6343
-8.5181
-8.4018
-8.2868
-8.1744
-8.0655
-7.9613
-7.8628
-7.7709
-7.6862
-7.6097
-7.5419
-7.4833
-7.4346
-7.3957
-7.3667
-7.3477
-7.3389
-7.3403
-7.352
-7.3737
-7.4053
-7.4465
-7.4969
-7.5559
-7.6229
-7.6974
-7.7792
-7.868
-7.9633
-8.0644
-8.1706
-8.281
-8.3946
-8.5103
-8.6268
-8.7426
-8.8562
-8.9661
-9.072
-9.1731
-9.2675
-9.3537
-9.4305
-9.4967
-9.5514
-9.5937
-9.6231
-9.6393
-9.642
-9.6313
-9.6073
-9.5699
-9.5193
-9.4562
-9.3815
-9.296
-9.2009
-9.0973
-8.9866
-8.8701
-8.7495
-8.6264
-8.5024
-8.3786
-8.2563
-8.137
-8.0218
-7.9117
-7.8079
-7.7112
-7.6224
-7.5423
-7.4717
-7.4109
-7.3605
-7.3204
-7.2907
-7.2717
-7.2634
-7.2659
-7.2792
-7.303
-7.3372
-7.3814
-7.4353
-7.4979
-7.5689
-7.648
-7.735
-7.8295
-7.931
-8.0389
-8.1521
-8.2699
-8.3909
-8.5141
-8.6379
-8.7608
-8.8811
-8.9981
-9.1114
-9.2191
-9.3196
-9.4112
-9.4926
-9.5628
-9.6207
-9.6655
-9.6966
-9.7136
-9.7163
-9.7045
-9.6783
-9.6375
-9.5826
-9.5144
-9.4337
-9.3415
-9.2391
-9.1276
-9.0086
-8.8837
-8.7547
-8.6234
-8.491
-8.3591
-8.2291
-8.1023
-7.98
-7.8634
-7.7535
-7.6513
-7.5577
-7.4735
-7.3994
-7.336
-7.2833
-7.2414
-7.2107
-7.1912
-7.1831
-7.1864
-7.2009
-7.2266
-7.2631
-7.31
-7.3667
-7.4325
-7.5074
-7.5911
-7.6835
-7.784
-7.8921
-8.0069
-8.1275
-8.2529
-8.3817
-8.5126
-8.644
-8.7741
-8.9019
-9.0273
-9.1483
-9.2631
-9.3701
-9.4678
-9.5547
-9.6297
-9.6917
-9.74
-9.7737
-9.7924
-9.7957
-9.7833
-9.755
-9.7111
-9.6522
-9.5788
-9.492
-9.3929
-9.2827
-9.163
-9.0354
-8.9018
-8.7642
-8.624
-8.4827
-8.3421
-8.2036
-8.0688
-7.9389
-7.8152
-7.6988
-7.5907
-7.4919
-7.4031
-7.3252
-7.2582
-7.2025
-7.1583
-7.1259
-7.1054
-7.0969
-7.1004
-7.1157
-7.1426
-7.1808
-7.2294
-7.288
-7.3566
-7.4352
-7.5237
-7.6216
-7.7284
-7.8433
-7.9656
-8.094
-8.2274
-8.3643
-8.5031
-8.6421
-8.78
-8.9168
-9.0506
-9.1797
-9.3022
-9.4166
-9.5212
-9.6148
-9.6961
-9.7639
-9.817
-9.8547
-9.8761
-9.8807
-9.8682
-9.8386
-9.7921
-9.7292
-9.6506
-9.5574
-9.4509
-9.3326
-9.2045
-9.0686
-8.9263
-8.7792
-8.6294
-8.4787
-8.3288
-8.1814
-8.0378
-7.8997
-7.7682
-7.6446
-7.53
-7.4254
-7.3314
-7.2484
-7.177
-7.1176
-7.0705
-7.0358
-7.0138
-7.0043
-7.0074
-7.0228
-7.0497
-7.088
-7.1377
-7.199
-7.2717
-7.3555
-7.4499
-7.5543
-7.668
-7.79
-7.9192
-8.0543
-8.1938
-8.3365
-8.4819
-8.629
-8.7762
-8.9218
-9.0643
-9.2021
-9.3335
-9.4569
-9.5707
-9.6732
-9.7627
-9.8376
-9.8971
-9.9401
-9.9656
-9.9727
-9.9609
-9.9303
-9.8812
-9.8142
-9.7306
-9.6318
-9.5195
-9.3947
-9.2589
-9.1142
-8.9626
-8.8061
-8.6466
-8.486
-8.326
-8.1685
-8.0152
-7.8678
-7.7275
-7.5956
-7.4732
-7.361
-7.26
-7.1707
-7.0937
-7.0294
-6.9782
-6.9401
-6.915
-6.9029
-6.9039
-6.9181
-6.9452
-6.9852
-7.0377
-7.1024
-7.1786
-7.2659
-7.3635
-7.4705
-7.5865
-7.7112
-7.8439
-7.9837
-8.1299
-8.2811
-8.4362
-8.5936
-8.7517
-8.9087
-9.0625
-9.2112
-9.3544
-9.4901
-9.6158
-9.7293
-9.8288
-9.9126
-9.9794
-10.028
-10.058
-10.069
-10.061
-10.034
-9.9866
-9.9204
-9.8359
-9.7344
-9.6172
-9.486
-9.3425
-9.1888
-9.027
-8.8596
-8.6888
-8.5166
-8.3449
-8.1758
-8.0111
-7.8523
-7.701
-7.5585
-7.426
-7.3046
-7.1951
-7.0982
-7.0142
-6.9435
-6.8862
-6.8428
-6.8132
-6.7976
-6.7959
-6.8079
-6.8334
-6.8718
-6.9229
-6.9866
-7.0628
-7.1511
-7.2511
-7.3622
-7.4838
-7.615
-7.7546
-7.9017
-8.0549
-8.2134
-8.3761
-8.5417
-8.7086
-8.8751
-9.0396
-9.2003
-9.3552
-9.5025
-9.6399
-9.7653
-9.8767
-9.9733
-10.053
-10.114
-10.154
-10.174
-10.171
-10.146
-10.101
-10.034
-9.9481
-9.8443
-9.723
-9.5862
-9.436
-9.2746
-9.1042
-8.9271
-8.7454
-8.5616
-8.3779
-8.1966
-8.0197
-7.8488
-7.6857
-7.5316
-7.3878
-7.2555
-7.1355
-7.0287
-6.9355
-6.8564
-6.7915
-6.741
-6.7051
-6.6838
-6.6771
-6.6849
-6.7071
-6.7433
-6.7932
-6.856
-6.9308
-7.0178
-7.117
-7.2284
-7.3514
-7.4856
-7.6301
-7.784
-7.946
-8.1146
-8.2883
-8.4652
-8.6432
-8.8213
-8.9987
-9.173
-9.342
-9.5034
-9.6549
-9.7947
-9.9206
-10.031
-10.123
-10.197
-10.249
-10.28
-10.288
-10.273
-10.235
-10.173
-10.089
-9.9836
-9.8588
-9.7166
-9.5596
-9.39
-9.2096
-9.0212
-8.8274
-8.6309
-8.4341
-8.2392
-8.0482
-7.8633
-7.686
-7.5182
-7.3612
-7.2162
-7.0841
-6.9655
-6.8612
-6.7716
-6.697
-6.6377
-6.5939
-6.5655
-6.552
-6.5534
-6.5698
-6.6012
-6.6475
-6.7083
-6.7834
-6.8722
-6.9741
-7.0885
-7.2144
-7.3509
-7.4975
-7.6537
-7.8186
-7.9915
-8.1711
-8.356
-8.5448
-8.7355
-8.9263
-9.1148
-9.2987
-9.4761
-9.6459
-9.8049
-9.9501
-10.079
-10.189
-10.278
-10.345
-10.389
-10.409
-10.404
-10.376
-10.322
-10.244
-10.143
-10.021
-9.8777
-9.7171
-9.5409
-9.3518
-9.1528
-8.9469
-8.7369
-8.5253
-8.3147
-8.1077
-7.9063
-7.7126
-7.5284
-7.3553
-7.1945
-7.0472
-6.9143
-6.7963
-6.6936
-6.6066
-6.5355
-6.4805
-6.4418
-6.4192
-6.4126
-6.4214
-6.4449
-6.4832
-6.5366
-6.6052
-6.6889
-6.7874
-6.9003
-7.0268
-7.1661
-7.3172
-7.479
-7.6499
-7.8285
-8.0145
-8.2069
-8.4045
-8.6056
-8.8083
-9.0108
-9.2109
-9.4062
-9.5942
-9.7722
-9.9372
-10.088
-10.221
-10.335
-10.426
-10.492
-10.532
-10.544
-10.53
-10.488
-10.42
-10.327
-10.209
-10.069
-9.9075
-9.7282
-9.5336
-9.3264
-9.1096
-8.8863
-8.6598
-8.433
-8.2085
-7.989
-7.7766
-7.5733
-7.381
-7.2011
-7.035
-6.8838
-6.7481
-6.6285
-6.5254
-6.4389
-6.3693
-6.3168
-6.2812
-6.2625
-6.2606
-6.2751
-6.3053
-6.3513
-6.413
-6.4903
-6.5828
-6.6902
-6.812
-6.9475
-7.0959
-7.2562
-7.4274
-7.6088
-7.7997
-7.9989
-8.2053
-8.4172
-8.6331
-8.8508
-9.0681
-9.2826
-9.4915
-9.692
-9.8831
-10.061
-10.222
-10.363
-10.482
-10.575
-10.641
-10.679
-10.689
-10.67
-10.622
-10.545
-10.44
-10.309
-10.153
-9.9743
-9.7767
-9.5629
-9.3361
-9.1002
-8.8585
-8.6142
-8.3703
-8.1299
-7.8956
-7.6698
-7.4545
-7.2516
-7.0626
-6.8888
-6.731
-6.5898
-6.4658
-6.3593
-6.2706
-6.1997
-6.1468
-6.1117
-6.0941
-6.0932
-6.1089
-6.1416
-6.1913
-6.2578
-6.3411
-6.4405
-6.5557
-6.6859
-6.8303
-6.9878
-7.1573
-7.3382
-7.5303
-7.7327
-7.9445
-8.1643
-8.3905
-8.6213
-8.8546
-9.0878
-9.3183
-9.5431
-9.76
-9.9661
-10.158
-10.331
-10.484
-10.613
-10.715
-10.789
-10.834
-10.847
-10.827
-10.776
-10.692
-10.576
-10.432
-10.261
-10.065
-9.8499
-9.6179
-9.3722
-9.1169
-8.8559
-8.5929
-8.331
-8.0735
-7.8229
-7.5819
-7.3526
-7.1369
-6.9363
-6.7521
-6.5849
-6.4356
-6.3046
-6.1923
-6.0989
-6.0246
-5.9688
-5.9313
-5.9123
-5.9116
-5.929
-5.9644
-6.0173
-6.0874
-6.1742
-6.277
-6.3952
-6.5281
-6.676
-6.8385
-7.0152
-7.2057
-7.4089
-7.6238
-7.849
-8.083
-8.3238
-8.5694
-8.8186
-9.069
-9.3176
-9.5613
-9.797
-10.021
-10.231
-10.424
-10.595
-10.741
-10.86
-10.948
-11.003
-11.024
-11.01
-10.96
-10.874
-10.754
-10.601
-10.419
-10.212
-9.9821
-9.733
-9.469
-9.1946
-8.9137
-8.6302
-8.3476
-8.0692
-7.7982
-7.5375
-7.2894
-7.0559
-6.8385
-6.6383
-6.4565
-6.2939
-6.1509
-6.0279
-5.9247
-5.8413
-5.7776
-5.7335
-5.7089
-5.7033
-5.7166
-5.7483
-5.798
-5.8646
-5.9477
-6.0475
-6.1645
-6.2985
-6.4493
-6.6165
-6.7994
-6.9972
-7.2087
-7.4326
-7.6674
-7.9115
-8.1642
-8.4241
-8.6893
-8.9574
-9.2258
-9.4916
-9.7516
-10.002
-10.24
-10.46
-10.658
-10.834
-10.981
-11.095
-11.174
-11.216
-11.218
-11.18
-11.105
-10.992
-10.845
-10.664
-10.452
-10.213
-9.9515
-9.6717
-9.378
-9.0749
-8.7672
-8.4593
-8.1551
-7.8579
-7.571
-7.297
-7.0382
-6.7965
-6.5733
-6.3698
-6.1865
-6.0238
-5.8821
-5.7613
-5.6616
-5.5828
-5.5246
-5.4866
-5.4677
-5.4679
-5.4875
-5.5264
-5.5846
-5.6619
-5.7578
-5.8718
-6.0034
-6.1516
-6.3156
-6.4945
-6.6888
-6.8983
-7.1226
-7.3611
-7.6125
-7.8755
-8.1485
-8.4295
-8.7161
-9.0059
-9.2965
-9.5844
-9.8658
-10.137
-10.393
-10.631
-10.846
-11.033
-11.19
-11.312
-11.396
-11.438
-11.436
-11.391
-11.302
-11.171
-11.001
-10.795
-10.556
-10.288
-9.9971
-9.6873
-9.3639
-9.0319
-8.6962
-8.3618
-8.0329
-7.7131
-7.4056
-7.1131
-6.838
-6.5821
-6.3468
-6.1329
-5.9411
-5.7715
-5.6243
-5.4993
-5.3966
-5.3158
-5.2565
-5.2183
-5.2003
-5.2025
-5.2246
-5.2665
-5.3279
-5.4085
-5.5077
-5.6252
-5.7603
-5.9125
-6.0818
-6.2684
-6.4721
-6.6925
-6.9289
-7.1806
-7.4464
-7.7251
-8.0152
-8.3148
-8.6221
-8.9345
-9.2492
-9.5629
-9.8721
-10.173
-10.46
-10.729
-10.975
-11.192
-11.375
-11.521
-11.626
-11.686
-11.697
-11.66
-11.573
-11.44
-11.262
-11.045
-10.79
-10.502
-10.186
-9.8499
-9.4976
-9.1352
-8.7682
-8.402
-8.0415
-7.6909
-7.3537
-7.0328
-6.7308
-6.4496
-6.1908
-5.9552
-5.7434
-5.5555
-5.3915
-5.2512
-5.1344
-5.0408
-4.9698
-4.9209
-4.893
-4.8861
-4.9
-4.9342
-4.9886
-5.0627
-5.156
-5.268
-5.3982
-5.5464
-5.7128
-5.8976
-6.1007
-6.3217
-6.5604
-6.816
-7.0879
-7.375
-7.6759
-7.9892
-8.3136
-8.6471
-8.9874
-9.3312
-9.6749
-10.014
-10.344
-10.659
-10.954
-11.221
-11.458
-11.657
-11.813
-11.921
-11.978
-11.983
-11.933
-11.83
-11.674
-11.468
-11.216
-10.922
-10.593
-10.235
-9.8557
-9.4611
-9.0579
-8.6527
-8.2512
-7.8584
-7.4786
-7.1155
-6.772
-6.4505
-6.1525
-5.8791
-5.6311
-5.4089
-5.2126
-5.0422
-4.8969
-4.7761
-4.6795
-4.6064
-4.5562
-4.5283
-4.522
-4.5365
-4.571
-4.6246
-4.6977
-4.7904
-4.9028
-5.035
-5.1868
-5.3581
-5.5484
-5.7573
-5.9842
-6.229
-6.4921
-6.7735
-7.0728
-7.3892
-7.7213
-8.0676
-8.4258
-8.7935
-9.1677
-9.5451
-9.9211
-10.291
-10.648
-10.988
-11.304
-11.589
-11.836
-12.041
-12.195
-12.294
-12.333
-12.31
-12.225
-12.08
-11.878
-11.62
-11.313
-10.964
-10.579
-10.166
-9.733
-9.2876
-8.8376
-8.3897
-7.9499
-7.5235
-7.1148
-6.7274
-6.364
-6.0265
-5.7162
-5.4336
-5.179
-4.9524
-4.7537
-4.5823
-4.4372
-4.3174
-4.2223
-4.1514
-4.1037
-4.0786
-4.0752
-4.0926
-4.1299
-4.1864
-4.2621
-4.3574
-4.4722
-4.6066
-4.7606
-4.9341
-5.1271
-5.3393
-5.5707
-5.8218
-6.0931
-6.3847
-6.6963
-7.0275
-7.3772
-7.7441
-8.1268
-8.5232
-8.9307
-9.3458
-9.7643
-10.181
-10.591
-10.987
-11.362
-11.708
-12.019
-12.285
-12.498
-12.651
-12.737
-12.754
-12.701
-12.578
-12.386
-12.127
-11.808
-11.436
-11.018
-10.564
-10.083
-9.5854
-9.0795
-8.5739
-8.0758
-7.5916
-7.1265
-6.6846
-6.2691
-5.8823
-5.5254
-5.1993
-4.9044
-4.6406
-4.4074
-4.2036
-4.0283
-3.8806
-3.7592
-3.6632
-3.5912
-3.542
-3.514
-3.5064
-3.5191
-3.552
-3.605
-3.6776
-3.7695
-3.8803
-4.0094
-4.1562
-4.3213
-4.5059
-4.7105
-4.9355
-5.1814
-5.4485
-5.7372
-6.0478
-6.3794
-6.732
-7.1065
-7.5028
-7.9199
-8.3558
-8.8077
-9.2717
-9.7434
-10.217
-10.686
-11.144
-11.583
-11.992
-12.362
-12.682
-12.945
-13.141
-13.262
-13.304
-13.261
-13.133
-12.919
-12.626
-12.26
-11.833
-11.352
-10.828
-10.275
-9.7034
-9.1235
-8.545
-7.9763
-7.425
-6.8972
-6.3972
-5.9285
-5.4933
-5.0931
-4.7285
-4.3992
-4.1042
-3.8425
-3.613
-3.4142
-3.2444
-3.1017
-2.9848
-2.8922
-2.8228
-2.7752
-2.7481
-2.7402
-2.7504
-2.7783
-2.8236
-2.8862
-2.9658
-3.0623
-3.1756
-3.3057
-3.4531
-3.6185
-3.8026
-4.0062
-4.23
-4.4749
-4.7416
-5.0307
-5.3427
-5.6793
-6.0417
-6.4305
-6.8457
-7.2868
-7.7525
-8.2411
-8.7502
-9.2767
-9.817
-10.365
-10.912
-11.451
-11.971
-12.461
-12.907
-13.299
-13.623
-13.866
-14.015
-14.064
-14.008
-13.849
-13.587
-13.227
-12.78
-12.256
-11.669
-11.033
-10.366
-9.6803
-8.9905
-8.3083
-7.6438
-7.0048
-6.3977
-5.8271
-5.2957
-4.8052
-4.3565
-3.9492
-3.5823
-3.2542
-2.9628
-2.7062
-2.482
-2.2877
-2.1208
-1.9796
-1.8621
-1.7666
-1.6909
-1.6333
-1.5918
-1.5655
-1.5538
-1.5558
-1.5707
-1.598
-1.6369
-1.6873
-1.7494
-1.8233
-1.9092
-2.0073
-2.118
-2.2419
-2.3799
-2.5327
-2.7014
-2.8871
-3.091
-3.3144
-3.5588
-3.8257
-4.1166
-4.4336
-4.7784
-5.1525
-5.5574
-5.9941
-6.4638
-6.9672
-7.5049
-8.0763
-8.6784
-9.3095
-9.9654
-10.64
-11.323
-12.004
-12.668
-13.299
-13.882
-14.393
-14.814
-15.126
-15.314
-15.367
-15.277
-15.04
-14.661
-14.149
-13.523
-12.802
-12.006
-11.16
-10.284
-9.3986
-8.5208
-7.6654
-6.8441
-6.0654
-5.3353
-4.6577
-4.0342
-3.4647
-2.9476
-2.4809
-2.062
-1.6874
-1.3531
-1.0556
-0.79192
-0.55857
-0.35209
-0.16888
-0.0051799
0.14219
0.27519
0.3959
0.50644
0.60897
0.70568
0.7985
0.88865
0.97746
1.0663
1.1565
1.2495
1.3462
1.4478
1.5552
1.6696
1.7924
1.9249
2.0682
2.2233
2.3916
2.5744
2.7733
2.9902
3.2267
3.4846
3.7656
4.0714
4.4041
4.7654
5.1573
5.5819
6.0407
6.5322
7.0595
7.6246
8.2274
8.8661
9.5365
10.232
10.945
11.665
12.379
13.074
13.73
14.326
14.84
15.252
15.543
15.695
15.698
15.542
15.228
14.763
14.165
13.455
12.651
11.779
10.863
9.9252
8.9871
8.0662
7.1766
6.3292
5.5318
4.7893
4.1038
3.4758
2.9046
2.3881
1.9232
1.5062
1.1335
0.80132
0.50553
0.242
0.0063973
-0.20495
-0.39516
-0.56733
-0.72453
-0.86976
-1.0057
-1.1345
-1.2581
-1.3786
-1.4981
-1.6184
-1.7409
-1.8672
-1.9985
-2.1366
-2.2829
-2.4391
-2.6065
-2.7862
-2.9796
-3.1884
-3.4142
-3.6588
-3.9239
-4.211
-4.5217
-4.8575
-5.2198
-5.6101
-6.0298
-6.4801
-6.9594
-7.4679
-8.0072
-8.5767
-9.1739
-9.7942
-10.431
-11.075
-11.717
-12.343
-12.939
-13.491
-13.979
-14.387
-14.697
-14.897
-14.974
-14.922
-14.736
-14.419
-13.978
-13.426
-12.782
-12.064
-11.291
-10.483
-9.6601
-8.8375
-8.0295
-7.2483
-6.5029
-5.7997
-5.1435
-4.5367
-3.9803
-3.4734
-3.0147
-2.6021
-2.233
-1.9042
-1.6124
-1.3546
-1.1277
-0.92844
-0.75369
-0.60024
-0.46568
-0.34792
-0.24488
-0.15444
-0.074483
-0.003105
0.060872
0.11864
0.17139
0.22027
0.26635
0.31041
0.3532
0.39544
0.43788
0.48116
0.52582
0.57241
0.62151
0.67375
0.72979
0.79018
0.85546
0.92627
1.0033
1.0874
1.1795
1.2804
1.391
1.5124
1.6455
1.7917
1.9523
2.1291
2.3237
2.538
2.7737
3.0328
3.3175
3.6301
3.9731
4.3494
4.7617
5.2118
5.701
6.234
6.814
7.4423
8.1186
8.8408
9.605
10.406
11.235
12.084
12.936
13.77
14.563
15.289
15.917
16.42
16.767
16.932
16.898
16.663
16.231
15.612
14.828
13.907
12.881
11.785
10.652
9.5117
8.3881
7.3011
6.2657
5.292
4.3863
3.5521
2.7899
2.0978
1.4723
0.90909
0.40365
-0.049088
-0.45457
-0.81899
-1.1474
-1.444
-1.7132
-1.9596
-2.1877
-2.4024
-2.6073
-2.805
-2.998
-3.1891
-3.3809
-3.5763
-3.7774
-3.9858
-4.2031
-4.4309
-4.671
-4.9249
-5.1943
-5.4802
-5.7833
-6.1042
-6.4433
-6.8009
-7.1767
-7.5706
-7.981
-8.4059
-8.8434
-9.2905
-9.7433
-10.197
-10.645
-11.08
-11.495
-11.879
-12.225
-12.523
-12.765
-12.941
-13.046
-13.074
-13.024
-12.896
-12.689
-12.409
-12.062
-11.655
-11.198
-10.702
-10.178
-9.6357
-9.0857
-8.5373
-7.9983
-7.4756
-6.9745
-6.4997
-6.0541
-5.6399
-5.2585
-4.9106
-4.5964
-4.3153
-4.0664
-3.8485
-3.6604
-3.5007
-3.368
-3.2609
-3.1776
-3.117
-3.0782
-3.0603
-3.0626
-3.0842
-3.1244
-3.1822
-3.2575
-3.3504
-3.4612
-3.5901
-3.7372
-3.9029
-4.0875
-4.2914
-4.5155
-4.7607
-5.0278
-5.3175
-5.6303
-5.9667
-6.327
-6.7113
-7.1193
-7.5498
-8.0026
-8.4761
-8.9674
-9.4728
-9.9869
-10.503
-11.015
-11.513
-11.988
-12.429
-12.823
-13.159
-13.427
-13.617
-13.72
-13.732
-13.646
-13.464
-13.187
-12.822
-12.381
-11.876
-11.315
-10.715
-10.09
-9.4504
-8.8093
-8.1763
-7.5604
-6.9691
-6.4078
-5.8804
-5.3897
-4.9376
-4.5246
-4.1502
-3.8135
-3.5132
-3.2477
-3.0152
-2.8136
-2.6407
-2.4948
-2.3741
-2.277
-2.2016
-2.1463
-2.1092
-2.0895
-2.0864
-2.0994
-2.1279
-2.1711
-2.2285
-2.2999
-2.3855
-2.4856
-2.6005
-2.7308
-2.877
-3.0396
-3.2195
-3.4177
-3.6354
-3.8738
-4.134
-4.4174
-4.7251
-5.0586
-5.4192
-5.8076
-6.2248
-6.6722
-7.1501
-7.6579
-8.1943
-8.7566
-9.3414
-9.9442
-10.559
-11.178
-11.789
-12.382
-12.942
-13.454
-13.902
-14.272
-14.546
-14.709
-14.752
-14.669
-14.461
-14.134
-13.693
-13.151
-12.522
-11.825
-11.079
-10.301
-9.51
-8.7214
-7.9484
-7.2019
-6.4902
-5.8193
-5.1932
-4.6141
-4.0829
-3.5995
-3.1624
-2.7696
-2.4184
-2.1063
-1.8303
-1.5872
-1.3739
-1.1878
-1.026
-0.88605
-0.76523
-0.66123
-0.57225
-0.49657
-0.4325
-0.37844
-0.333
-0.2952
-0.2641
-0.23883
-0.21854
-0.2026
-0.19053
-0.18187
-0.17622
-0.17325
-0.17272
-0.17446
-0.1783
-0.1841
-0.19179
-0.20138
-0.21286
-0.22626
-0.24163
-0.25904
-0.27864
-0.30057
-0.32502
-0.35221
-0.38237
-0.41576
-0.45278
-0.49373
-0.53897
-0.58892
-0.6441
-0.70507
-0.7725
-0.84712
-0.92972
-1.0213
-1.1227
-1.235
-1.3592
-1.4965
-1.6485
-1.8167
-2.0032
-2.2099
-2.4391
-2.693
-2.9741
-3.2852
-3.6293
-4.0094
-4.4287
-4.8905
-5.3981
-5.9551
-6.564
-7.2265
-7.9455
-8.7216
-9.5522
-10.432
-11.352
-12.301
-13.262
-14.213
-15.125
-15.967
-16.701
-17.292
-17.701
-17.893
-17.849
-17.564
-17.044
-16.303
-15.37
-14.282
-13.079
-11.807
-10.503
-9.2015
-7.9314
-6.7136
-5.5634
-4.4902
-3.4997
-2.5936
-1.7705
-1.0267
-0.35715
0.24346
0.78108
1.2622
1.694
2.0824
2.4328
2.7505
3.0407
3.309
3.5607
3.7994
4.0282
4.2501
4.468
4.685
4.9039
5.1268
5.355
5.5899
5.8325
6.0842
6.346
6.6188
6.9027
7.1973
7.5023
7.8165
8.1389
8.4679
8.8015
9.1375
9.4729
9.8037
10.125
10.433
10.722
10.988
11.225
11.429
11.595
11.718
11.795
11.821
11.795
11.718
11.59
11.414
11.195
10.935
10.639
10.314
9.9644
9.5977
9.2194
8.8356
8.4522
8.0744
7.7064
7.3522
7.0149
6.6972
6.4012
6.1284
5.8797
5.6555
5.4561
5.2814
5.1312
5.0053
4.9031
4.8242
4.7669
4.7312
4.717
4.7242
4.7525
4.8016
4.8711
4.9604
5.0688
5.1954
5.3396
5.5017
5.6824
5.8818
6.0999
6.3364
6.5909
6.8628
7.1512
7.4552
7.7732
8.1037
8.4452
8.7958
9.1525
9.5119
9.8699
10.222
10.562
10.885
11.183
11.451
11.684
11.875
12.018
12.109
12.144
12.123
12.045
11.909
11.719
11.478
11.19
10.862
10.499
10.11
9.702
9.2816
8.8562
8.4322
8.0153
7.6104
7.2215
6.8522
6.5051
6.1821
5.8845
5.6131
5.3686
5.151
4.9602
4.7957
4.6567
4.5427
4.4531
4.3871
4.3441
4.3231
4.3235
4.3442
4.3843
4.4441
4.5237
4.6233
4.7428
4.8822
5.0412
5.2196
5.4168
5.6323
5.8664
6.1196
6.3923
6.6842
6.9948
7.3233
7.6683
8.0284
8.4015
8.7854
9.177
9.5724
9.9673
10.356
10.734
11.094
11.428
11.731
11.996
12.214
12.378
12.482
12.523
12.498
12.408
12.255
12.039
11.764
11.437
11.065
10.655
10.216
9.7563
9.2849
8.8094
8.3373
7.8748
7.4275
6.9996
6.5948
6.2158
5.8642
5.5412
5.2474
4.983
4.7481
4.542
4.3639
4.2128
4.0879
3.9883
3.913
3.8612
3.8316
3.8232
3.8348
3.8662
3.9175
3.9888
4.0799
4.1907
4.321
4.4705
4.6389
4.8256
5.0317
5.2579
5.5047
5.7724
6.0611
6.3706
6.7008
7.0512
7.4205
7.8064
8.2088
8.6262
9.0564
9.4958
9.9398
10.383
10.818
11.237
11.632
11.991
12.309
12.576
12.784
12.926
12.994
12.988
12.904
12.744
12.51
12.206
11.84
11.42
10.955
10.456
9.9331
9.397
8.8571
8.3219
7.7987
7.2936
6.8115
6.3564
5.9309
5.5367
5.175
4.8463
4.5507
4.2874
4.0553
3.8535
3.6806
3.5354
3.4165
3.3224
3.2517
3.2032
3.176
3.1696
3.1831
3.216
3.2674
3.3366
3.4235
3.5282
3.6511
3.7924
3.9524
4.1315
4.3301
4.5485
4.7874
5.0478
5.3305
5.6361
5.9651
6.3175
6.6933
7.0923
7.514
7.9568
8.419
8.8985
9.3919
9.8943
10.4
10.901
11.39
11.857
12.293
12.685
13.022
13.293
13.488
13.601
13.625
13.556
13.394
13.14
12.799
12.382
11.898
11.361
10.782
10.175
9.5523
8.9261
8.306
7.7007
7.1178
6.563
6.0404
5.553
5.1027
4.6905
4.3164
3.9794
3.6783
3.4119
3.1784
2.976
2.8025
2.656
2.535
2.4379
2.3632
2.3091
2.2741
2.2568
2.2565
2.2728
2.3052
2.3531
2.4162
2.4941
2.5866
2.6944
2.8177
2.9572
3.1135
3.2871
3.479
3.6899
3.9209
4.1735
4.4488
4.748
5.0722
5.4225
5.7998
6.2051
6.6392
7.1016
7.592
8.1102
8.6543
9.2211
9.8057
10.402
11.001
11.596
12.174
12.723
13.226
13.67
14.039
14.32
14.5
14.569
14.519
14.346
14.054
13.651
13.15
12.564
11.908
11.2
10.459
9.699
8.9363
8.1845
7.4547
6.7555
6.0937
5.4741
4.8993
4.3707
3.8881
3.4507
3.0569
2.7046
2.3912
2.1139
1.8701
1.6571
1.4721
1.3121
1.1745
1.0572
0.95808
0.87527
0.80686
0.75132
0.70735
0.67375
0.64942
0.63339
0.62504
0.6238
0.62918
0.64069
0.65802
0.68107
0.70981
0.74426
0.78448
0.83056
0.88275
0.94142
1.007
1.08
1.1609
1.2505
1.3493
1.4586
1.5792
1.7119
1.8578
2.0182
2.1945
2.3882
2.6013
2.8357
3.0935
3.3769
3.6878
4.029
4.4031
4.8125
5.2594
5.7461
6.2745
6.8464
7.4634
8.1258
8.8309
9.5775
10.361
11.173
12.001
12.83
13.642
14.415
15.121
15.731
16.218
16.557
16.725
16.707
16.493
16.084
15.492
14.741
13.86
12.875
11.82
10.725
9.6181
8.5239
7.4623
6.4484
5.4929
4.6027
3.7807
3.0277
2.3429
1.7238
1.1661
0.66522
0.2164
-0.18537
-0.54524
-0.86862
-1.1611
-1.4274
-1.6709
-1.895
-2.1035
-2.3002
-2.4892
-2.6744
-2.8575
-3.0406
-3.226
-3.4158
-3.6123
-3.8176
-4.0335
-4.2612
-4.5021
-4.7575
-5.0291
-5.3183
-5.6262
-5.9536
-6.301
-6.6687
-7.0565
-7.4639
-7.8899
-8.333
-8.7913
-9.2612
-9.7385
-10.218
-10.693
-11.157
-11.6
-12.015
-12.391
-12.72
-12.988
-13.187
-13.308
-13.347
-13.301
-13.171
-12.957
-12.663
-12.295
-11.863
-11.377
-10.847
-10.286
-9.7068
-9.1191
-8.5334
-7.9586
-7.4018
-6.869
-6.3647
-5.8922
-5.4535
-5.05
-4.682
-4.3498
-4.0524
-3.7886
-3.5571
-3.3563
-3.1848
-3.0408
-2.9226
-2.8281
-2.7557
-2.7048
-2.6748
-2.6649
-2.674
-2.7014
-2.7458
-2.806
-2.882
-2.9744
-3.0835
-3.2097
-3.3532
-3.5146
-3.6941
-3.8926
-4.1108
-4.35
-4.611
-4.8948
-5.2022
-5.5341
-5.8912
-6.2741
-6.6831
-7.1176
-7.5779
-8.0632
-8.5715
-9.0994
-9.6425
-10.195
-10.751
-11.301
-11.837
-12.346
-12.815
-13.231
-13.583
-13.857
-14.043
-14.131
-14.112
-13.984
-13.748
-13.411
-12.984
-12.474
-11.897
-11.267
-10.6
-9.9095
-9.21
-8.5145
-7.8339
-7.177
-6.5509
-5.9606
-5.4099
-4.9007
-4.4337
-4.0087
-3.625
-3.281
-2.9748
-2.7042
-2.467
-2.2607
-2.0828
-1.9311
-1.8036
-1.6982
-1.613
-1.5459
-1.4955
-1.4607
-1.4403
-1.4335
-1.4394
-1.4569
-1.4858
-1.5258
-1.5769
-1.6391
-1.7124
-1.7968
-1.8928
-2.001
-2.1219
-2.2564
-2.4053
-2.5696
-2.7505
-2.949
-3.1669
-3.4055
-3.6664
-3.9512
-4.2614
-4.5987
-4.9647
-5.3611
-5.7897
-6.2523
-6.7506
-7.2839
-7.8519
-8.4543
-9.0887
-9.7507
-10.434
-11.13
-11.827
-12.515
-13.177
-13.793
-14.344
-14.811
-15.173
-15.414
-15.519
-15.475
-15.277
-14.93
-14.445
-13.838
-13.126
-12.33
-11.476
-10.583
-9.6745
-8.7694
-7.8838
-7.0306
-6.2197
-5.4579
-4.7495
-4.0964
-3.4986
-2.9553
-2.4646
-2.0233
-1.6279
-1.275
-0.96091
-0.68194
-0.43417
-0.21354
-0.016299
0.16038
0.31935
0.46345
0.59544
0.71784
0.83264
0.94172
1.047
1.1502
1.2532
1.3572
1.4635
1.5734
1.6884
1.8099
1.9392
2.0774
2.2257
2.3854
2.5578
2.7448
2.9478
3.1684
3.4081
3.6683
3.9509
4.2575
4.5902
4.951
5.3411
5.7618
6.2155
6.7033
7.2257
7.782
8.3705
8.9887
9.6329
10.298
10.977
11.659
12.332
12.981
13.589
14.137
14.609
14.981
15.235
15.356
15.336
15.172
14.865
14.422
13.856
13.182
12.423
11.6
10.736
9.8527
8.9689
8.1007
7.261
6.4599
5.7048
5.0001
4.3487
3.7516
3.208
2.7161
2.2731
1.8762
1.5219
1.2067
0.92667
0.67817
0.45788
0.26247
0.088627
-0.066895
-0.20674
-0.33319
-0.4485
-0.5549
-0.65457
-0.74926
-0.84041
-0.92948
-1.0179
-1.1072
-1.1985
-1.293
-1.3916
-1.4955
-1.6059
-1.7242
-1.8515
-1.9888
-2.1371
-2.2979
-2.4726
-2.6627
-2.87
-3.096
-3.3422
-3.6105
-3.9024
-4.22
-4.5654
-4.9407
-5.3475
-5.7866
-6.261
-6.7723
-7.3211
-7.9068
-8.5275
-9.18
-9.86
-10.562
-11.278
-11.996
-12.702
-13.378
-14.008
-14.568
-15.04
-15.401
-15.629
-15.71
-15.635
-15.406
-15.024
-14.5
-13.849
-13.093
-12.253
-11.357
-10.428
-9.4879
-8.5567
-7.65
-6.7802
-5.9565
-5.1851
-4.4696
-3.8118
-3.2116
-2.6673
-2.176
-1.7345
-1.3393
-0.9867
-0.6724
-0.39219
-0.14229
0.080981
0.28124
0.46206
0.62661
0.77754
0.91744
1.0489
1.1743
1.2957
1.4149
1.5336
1.6535
1.7763
1.9039
2.0374
2.178
2.3273
2.4865
2.6575
2.8417
3.0407
3.2557
3.4882
3.7396
4.0118
4.3067
4.6259
4.9709
5.3435
5.745
6.1767
6.6391
7.1324
7.6564
8.2101
8.792
9.3979
10.024
10.662
11.306
11.943
12.56
13.143
13.678
14.145
14.524
14.797
14.954
14.985
14.887
14.658
14.3
13.823
13.241
12.569
11.828
11.04
10.222
9.3946
8.573
7.7708
6.9986
6.2649
5.5754
4.9336
4.3417
3.8001
3.3082
2.8639
2.4649
2.1083
1.7913
1.5104
1.2623
1.0437
0.85191
0.68383
0.53654
0.40717
0.29354
0.19372
0.10582
0.027981
-0.041662
-0.10457
-0.16183
-0.21455
-0.26382
-0.31067
-0.35596
-0.40039
-0.44467
-0.4895
-0.53561
-0.58358
-0.63394
-0.68726
-0.74418
-0.80537
-0.87155
-0.94332
-1.0213
-1.1063
-1.199
-1.3005
-1.4117
-1.5339
-1.6681
-1.8153
-1.977
-2.1545
-2.3496
-2.5642
-2.8003
-3.06
-3.3454
-3.6589
-4.003
-4.3801
-4.7927
-5.2433
-5.7348
-6.2696
-6.8485
-7.4732
-8.145
-8.8628
-9.623
-10.419
-11.244
-12.085
-12.928
-13.753
-14.536
-15.251
-15.869
-16.362
-16.702
-16.862
-16.826
-16.589
-16.159
-15.545
-14.769
-13.859
-12.846
-11.763
-10.642
-9.5138
-8.4015
-7.3252
-6.2995
-5.3347
-4.4369
-3.6093
-2.8528
-2.1658
-1.5449
-0.98579
-0.48398
-0.034467
0.36805
0.72925
1.0545
1.3484
1.6154
1.8599
2.0865
2.2993
2.5017
2.6964
2.8863
3.0742
3.263
3.4553
3.6529
3.8575
4.0708
4.2945
4.5306
4.7808
5.0465
5.3285
5.6278
5.945
6.2808
6.6358
7.0101
7.4031
7.8137
8.2409
8.6827
9.1361
9.5972
10.061
10.521
10.971
11.403
11.809
12.179
12.503
12.772
12.977
13.112
13.171
13.15
13.047
12.863
12.6
12.264
11.865
11.412
10.916
10.386
9.8353
9.2739
8.7114
8.1561
7.6151
7.0951
6.6007
6.1355
5.7019
5.3019
4.9363
4.6051
4.3079
4.0436
3.8112
3.6094
3.4368
3.2918
3.1726
3.078
3.0068
2.9578
2.93
2.9223
2.9334
2.9626
3.0095
3.0741
3.1563
3.2559
3.3731
3.5077
3.6601
3.8308
4.0206
4.2303
4.4605
4.712
4.9856
5.282
5.6017
5.9439
6.3101
6.7017
7.119
7.5617
8.0282
8.5162
9.0222
9.542
10.07
10.601
11.127
11.639
12.126
12.576
12.978
13.319
13.589
13.777
13.874
13.873
13.771
13.567
13.266
12.877
12.412
11.879
11.293
10.668
10.019
9.3571
8.6952
8.0442
7.413
6.8086
6.2363
5.7003
5.203
4.7456
4.3284
3.9506
3.6113
3.3091
3.042
2.8079
2.6048
2.4305
2.2832
2.1607
2.0609
1.9818
1.9219
1.8803
1.8558
1.8473
1.8538
1.8743
1.9082
1.9555
2.016
2.0899
2.177
2.2777
2.3921
2.5208
2.6646
2.8243
3.0009
3.1954
3.4089
3.6427
3.8978
4.1754
4.4776
4.8064
5.1632
5.5493
5.9656
6.4125
6.8904
7.3991
7.9382
8.507
9.1044
9.7251
10.362
11.009
11.655
12.287
12.893
13.456
13.961
14.387
14.715
14.931
15.024
14.988
14.818
14.515
14.087
13.545
12.905
12.187
11.411
10.598
9.7669
8.935
8.1171
7.3249
6.5683
5.8539
5.1863
4.5684
4.0014
3.4847
3.0169
2.5957
2.2186
1.8825
1.5841
1.32
1.087
0.8821
0.70224
0.5443
0.40526
0.28281
0.17495
0.079731
-0.0048346
-0.080712
-0.14959
-0.21258
-0.27088
-0.32562
-0.37793
-0.42875
-0.47887
-0.52902
-0.58
-0.63257
-0.68746
-0.74526
-0.80656
-0.87207
-0.94252
-1.0187
-1.1015
-1.1915
-1.2896
-1.3966
-1.5136
-1.6418
-1.7824
-1.9368
-2.1063
-2.2923
-2.4964
-2.7203
-2.9661
-3.236
-3.5325
-3.8573
-4.2133
-4.6032
-5.0295
-5.4945
-6.0001
-6.548
-7.1398
-7.7765
-8.4571
-9.1792
-9.9404
-10.735
-11.552
-12.379
-13.198
-13.989
-14.73
-15.391
-15.943
-16.36
-16.619
-16.701
-16.592
-16.289
-15.796
-15.131
-14.321
-13.393
-12.378
-11.307
-10.21
-9.1122
-8.0369
-7.0013
-6.0184
-5.0971
-4.2424
-3.4559
-2.7378
-2.0865
-1.4988
-0.97011
-0.49582
-0.071096
0.30908
0.64989
0.95675
1.2351
1.4889
1.7215
1.9366
2.1379
2.3292
2.5145
2.6968
2.8777
3.0596
3.2447
3.4351
3.6331
3.8407
4.0594
4.2903
4.5351
4.7951
5.0719
5.367
5.6812
6.0154
6.37
6.7451
7.1406
7.5559
7.9899
8.4413
8.9073
9.3842
9.8677
10.352
10.831
11.297
11.74
12.151
12.523
12.842
13.097
13.28
13.382
13.4
13.332
13.178
12.94
12.622
12.231
11.777
11.271
10.724
10.149
9.5583
8.9623
8.3711
7.7932
7.2355
6.7036
6.2018
5.733
5.2989
4.9006
4.5385
4.2123
3.921
3.6632
3.4376
3.2424
3.0762
2.9371
2.8233
2.7329
2.665
2.6183
2.5918
2.5844
2.595
2.6226
2.6667
2.7272
2.8041
2.8975
3.0073
3.1338
3.2771
3.4377
3.6165
3.8144
4.0321
4.2706
4.5308
4.8137
5.1203
5.4501
5.8038
6.1838
6.5915
7.0274
7.491
7.9808
8.4944
9.0285
9.5787
10.14
10.705
11.268
11.818
12.343
12.828
13.262
13.632
13.923
14.124
14.227
14.221
14.103
13.874
13.539
13.11
12.597
12.012
11.372
10.692
9.9882
9.274
8.5631
7.867
7.1949
6.5539
5.9495
5.3855
4.8639
4.3854
3.9499
3.5564
3.2035
2.889
2.6108
2.3664
2.1533
1.969
1.811
1.6773
1.5657
1.474
1.4002
1.3431
1.3013
1.2736
1.2587
1.2556
1.2636
1.2824
1.3116
1.351
1.4003
1.4594
1.5283
1.6076
1.6977
1.799
1.9121
2.0377
2.1767
2.3302
2.4991
2.6847
2.8884
3.1114
3.3556
3.6225
3.9142
4.2323
4.5777
4.9535
5.3622
5.8058
6.2855
6.8019
7.3551
7.9441
8.5677
9.2237
9.9094
10.618
11.34
12.063
12.773
13.454
14.085
14.647
15.117
15.47
15.688
15.759
15.675
15.433
15.036
14.496
13.829
13.056
12.204
11.295
10.356
9.4084
8.4713
7.56
6.6871
5.8615
5.0891
4.3737
3.7166
3.1176
2.5744
2.0843
1.6442
1.2505
0.89904
0.58554
0.306
0.056586
-0.16653
-0.36716
-0.54885
-0.71448
-0.8668
-1.0085
-1.1423
-1.2706
-1.3953
-1.5181
-1.6409
-1.7656
-1.8938
-2.0273
-2.1671
-2.3147
-2.4715
-2.6392
-2.8194
-3.0136
-3.2232
-3.4495
-3.6941
-3.9585
-4.2446
-4.5542
-4.8888
-5.2498
-5.639
-6.0574
-6.5058
-6.9845
-7.4932
-8.0314
-8.5977
-9.1886
-9.8
-10.426
-11.06
-11.69
-12.306
-12.891
-13.434
-13.918
-14.321
-14.626
-14.82
-14.894
-14.842
-14.663
-14.356
-13.929
-13.393
-12.764
-12.059
-11.3
-10.506
-9.6947
-8.8834
-8.086
-7.3143
-6.577
-5.8811
-5.2306
-4.6284
-4.0757
-3.5721
-3.1162
-2.7059
-2.3387
-2.0118
-1.722
-1.4659
-1.2406
-1.0431
-0.87043
-0.71984
-0.58843
-0.47387
-0.37424
-0.28767
-0.21231
-0.14636
-0.088285
-0.037017
0.0084956
0.049277
0.086327
0.12049
0.15239
0.18265
0.21185
0.24057
0.26926
0.29832
0.32819
0.35932
0.39214
0.42702
0.4643
0.50441
0.54778
0.59492
0.64635
0.70256
0.76403
0.83137
0.90523
0.98641
1.0757
1.1742
1.2828
1.4023
1.534
1.6792
1.8392
2.0158
2.2108
2.4261
2.6639
2.9262
3.2155
3.5342
3.885
4.2708
4.6947
5.1596
5.6688
6.2235
6.8274
7.4827
8.1899
8.9473
9.751
10.595
11.472
12.37
13.27
14.15
14.986
15.746
16.399
16.91
17.245
17.378
17.296
16.998
16.485
15.775
14.893
13.871
12.749
11.564
10.351
9.1403
7.9573
6.8211
5.7459
4.7409
3.8114
2.9594
2.1842
1.4823
0.84934
0.28076
-0.22873
-0.68491
-1.0943
-1.4627
-1.795
-2.0961
-2.3712
-2.6252
-2.8634
-3.0892
-3.3057
-3.5159
-3.7227
-3.9291
-4.1382
-4.3519
-4.5719
-4.7997
-5.0368
-5.285
-5.5456
-5.8201
-6.1089
-6.4125
-6.7309
-7.064
-7.4115
-7.7725
-8.1461
-8.5304
-8.9226
-9.3196
-9.7176
-10.112
-10.498
-10.869
-11.219
-11.541
-11.826
-12.069
-12.264
-12.403
-12.481
-12.495
-12.441
-12.322
-12.14
-11.9
-11.606
-11.262
-10.877
-10.458
-10.015
-9.5537
-9.0837
-8.6126
-8.1473
-7.6936
-7.2566
-6.8402
-6.4479
-6.082
-5.7441
-5.4352
-5.1554
-4.9047
-4.6829
-4.4895
-4.3237
-4.1845
-4.0705
-3.9811
-3.9156
-3.8733
-3.8536
-3.8554
-3.8778
-3.92
-3.9809
-4.0606
-4.1595
-4.2777
-4.4152
-4.5723
-4.7489
-4.9452
-5.161
-5.3966
-5.6523
-5.9289
-6.2266
-6.5452
-6.8845
-7.2435
-7.6213
-8.0164
-8.4269
-8.8504
-9.2834
-9.7218
-10.161
-10.594
-11.015
-11.416
-11.789
-12.127
-12.42
-12.657
-12.831
-12.935
-12.967
-12.923
-12.805
-12.612
-12.347
-12.017
-11.629
-11.191
-10.713
-10.206
-9.6811
-9.1467
-8.6124
-8.0861
-7.5745
-7.0832
-6.6165
-6.178
-5.7696
-5.3929
-5.0486
-4.7372
-4.4583
-4.2111
-3.9946
-3.8075
-3.6488
-3.517
-3.4109
-3.3291
-3.2697
-3.2314
-3.214
-3.2172
-3.2406
-3.2837
-3.346
-3.4267
-3.5252
-3.6405
-3.7733
-3.9246
-4.0949
-4.2847
-4.4945
-4.7248
-4.9762
-5.2491
-5.5437
-5.8611
-6.2021
-6.5671
-6.9559
-7.3676
-7.801
-8.2542
-8.7247
-9.2097
-9.7052
-10.206
-10.704
-11.194
-11.665
-12.108
-12.512
-12.867
-13.163
-13.387
-13.53
-13.585
-13.549
-13.421
-13.204
-12.9
-12.517
-12.064
-11.552
-10.993
-10.401
-9.789
-9.168
-8.5494
-7.9425
-7.3552
-6.7936
-6.2626
-5.7655
-5.3044
-4.8803
-4.4939
-4.1449
-3.8323
-3.5546
-3.3103
-3.0976
-2.9148
-2.76
-2.6309
-2.5254
-2.4426
-2.3813
-2.3406
-2.3193
-2.316
-2.3296
-2.3584
-2.4023
-2.4615
-2.5362
-2.6263
-2.7319
-2.8532
-2.9905
-3.1443
-3.3156
-3.5051
-3.7139
-3.9428
-4.1931
-4.4657
-4.762
-5.0824
-5.4284
-5.8016
-6.2032
-6.6335
-7.0925
-7.5793
-8.0926
-8.6303
-9.1897
-9.767
-10.356
-10.949
-11.537
-12.109
-12.652
-13.152
-13.595
-13.968
-14.251
-14.432
-14.503
-14.458
-14.296
-14.019
-13.632
-13.145
-12.572
-11.928
-11.231
-10.499
-9.748
-8.9938
-8.2498
-7.5266
-6.833
-6.1758
-5.5595
-4.9869
-4.4597
-3.9782
-3.5417
-3.1485
-2.7965
-2.4834
-2.2065
-1.9631
-1.7503
-1.5656
-1.4064
-1.2699
-1.1541
-1.0567
-0.97603
-0.91028
-0.85776
-0.81717
-0.78746
-0.76764
-0.75679
-0.75409
-0.75903
-0.77128
-0.79055
-0.8166
-0.84921
-0.88832
-0.9341
-0.98678
-1.0467
-1.1141
-1.1894
-1.2732
-1.3662
-1.469
-1.5825
-1.7076
-1.8453
-1.9968
-2.1636
-2.3469
-2.5486
-2.7704
-3.014
-3.2811
-3.5737
-3.8938
-4.2439
-4.6262
-5.0432
-5.4979
-5.9928
-6.529
-7.1072
-7.7293
-8.3949
-9.1016
-9.8449
-10.618
-11.413
-12.217
-13.015
-13.787
-14.51
-15.16
-15.709
-16.135
-16.408
-16.508
-16.423
-16.153
-15.706
-15.091
-14.33
-13.449
-12.477
-11.445
-10.382
-9.3144
-8.2643
-7.2492
-6.2823
-5.3729
-4.5266
-3.7463
-3.0327
-2.3844
-1.7983
-1.2704
-0.7967
-0.37247
0.0071117
0.34728
0.65305
0.92869
1.1784
1.4064
1.6168
1.8136
1.9998
2.178
2.351
2.5217
2.6926
2.8663
3.0443
3.2284
3.4204
3.6223
3.8361
4.0634
4.3057
4.564
4.8397
5.1341
5.4484
5.7838
6.1412
6.5208
6.923
7.3477
7.7941
8.2602
8.7438
9.2415
9.7493
10.262
10.773
11.274
11.756
12.207
12.619
12.979
13.276
13.501
13.642
13.692
13.646
13.505
13.272
12.951
12.549
12.077
11.547
10.97
10.36
9.7311
9.0949
8.4624
7.8433
7.2455
6.6752
6.1369
5.6341
5.1685
4.741
4.3519
4.0008
3.6866
3.4078
3.1625
2.949
2.7653
2.6095
2.4795
2.3731
2.2888
2.2256
2.1823
2.1576
2.1504
2.1594
2.1832
2.2219
2.2754
2.3437
2.4266
2.5244
2.637
2.7647
2.9082
3.0683
3.2459
3.4418
3.6571
3.8929
4.1503
4.4302
4.7334
5.0622
5.4184
5.8032
6.2174
6.6612
7.1343
7.636
8.1649
8.7191
9.2964
9.8932
10.502
11.114
11.72
12.308
12.865
13.374
13.823
14.194
14.47
14.637
14.688
14.617
14.423
14.109
13.681
13.153
12.537
11.852
11.118
10.351
9.5705
8.7906
8.025
7.2843
6.5771
5.9095
5.2856
4.708
4.1779
3.6951
3.2582
2.8652
2.5139
2.2016
1.9255
1.6823
1.4693
1.2837
1.1228
0.98378
0.86419
0.76204
0.67541
0.6025
0.54151
0.49094
0.44968
0.41669
0.39097
0.37162
0.35795
0.34945
0.34564
0.34609
0.35044
0.35851
0.37018
0.38535
0.40395
0.42596
0.45145
0.48058
0.51354
0.55056
0.5919
0.63786
0.68887
0.74535
0.80778
0.87672
0.95279
1.0368
1.1294
1.2317
1.3446
1.4696
1.6075
1.7595
1.927
2.1117
2.3152
2.5397
2.7875
3.061
3.363
3.6954
4.0612
4.4638
4.9062
5.3913
5.9213
6.4985
7.1245
7.801
8.5283
9.303
10.123
10.981
11.868
12.768
13.661
14.522
15.327
16.039
16.626
17.056
17.303
17.345
17.169
16.773
16.166
15.373
14.428
13.362
12.213
11.016
9.8054
8.6081
7.4472
6.34
5.2983
4.3296
3.4366
2.6202
1.8791
1.21
0.608
0.067748
-0.41623
-0.84962
-1.2383
-1.5885
-1.9063
-2.1959
-2.4616
-2.7075
-2.9377
-3.1568
-3.3691
-3.5773
-3.7836
-3.9904
-4.2
-4.4148
-4.637
-4.8684
-5.1104
-5.3638
-5.6298
-5.9094
-6.2035
-6.5129
-6.8377
-7.1776
-7.532
-7.8999
-8.2796
-8.6689
-9.0652
-9.4651
-9.8651
-10.26
-10.644
-11.01
-11.352
-11.662
-11.935
-12.162
-12.338
-12.457
-12.514
-12.505
-12.429
-12.285
-12.079
-11.815
-11.498
-11.134
-10.731
-10.299
-9.8437
-9.375
-8.9004
-8.4276
-7.9631
-7.5125
-7.0804
-6.6706
-6.2861
-5.9289
-5.6005
-5.3014
-5.0317
-4.7912
-4.5795
-4.3961
-4.24
-4.1101
-4.005
-3.924
-3.8667
-3.8324
-3.8204
-3.8298
-3.8599
-3.9096
-3.9778
-4.0645
-4.1701
-4.2948
-4.4389
-4.6025
-4.7858
-4.9889
-5.2119
-5.4547
-5.7178
-6.0018
-6.307
-6.6333
-6.9802
-7.347
-7.7324
-8.1346
-8.5517
-8.981
-9.419
-9.861
-10.302
-10.735
-11.154
-11.55
-11.916
-12.243
-12.522
-12.743
-12.898
-12.982
-12.991
-12.923
-12.78
-12.562
-12.274
-11.922
-11.513
-11.058
-10.566
-10.049
-9.5158
-8.9765
-8.44
-7.914
-7.4048
-6.9177
-6.4567
-6.0248
-5.624
-5.2554
-4.9196
-4.6168
-4.3466
-4.1079
-3.8996
-3.7205
-3.5693
-3.4448
-3.3456
-3.2701
-3.2166
-3.184
-3.1722
-3.1807
-3.2093
-3.2572
-3.324
-3.4089
-3.5112
-3.6301
-3.7671
-3.9226
-4.0971
-4.2912
-4.5055
-4.7403
-4.9964
-5.2739
-5.5736
-5.8965
-6.2433
-6.6143
-7.009
-7.4267
-7.8659
-8.3248
-8.8009
-9.2915
-9.7919
-10.296
-10.798
-11.29
-11.761
-12.203
-12.603
-12.954
-13.242
-13.455
-13.585
-13.625
-13.573
-13.43
-13.195
-12.874
-12.475
-12.006
-11.48
-10.908
-10.307
-9.6859
-9.0589
-8.4363
-7.8272
-7.2392
-6.6781
-6.1488
-5.6541
-5.196
-4.7756
-4.3931
-4.0482
-3.7397
-3.4661
-3.2256
-3.0167
-2.8374
-2.6856
-2.559
-2.4559
-2.3753
-2.3162
-2.2775
-2.2577
-2.2556
-2.2696
-2.2984
-2.3424
-2.4015
-2.4758
-2.5653
-2.67
-2.7902
-2.926
-3.0783
-3.2478
-3.4355
-3.6422
-3.8689
-4.1168
-4.387
-4.6803
-4.9969
-5.3391
-5.709
-6.1079
-6.5364
-6.9945
-7.4814
-7.9955
-8.5348
-9.0963
-9.6765
-10.271
-10.873
-11.471
-12.056
-12.613
-13.129
-13.589
-13.979
-14.284
-14.487
-14.579
-14.551
-14.402
-14.136
-13.758
-13.276
-12.705
-12.06
-11.358
-10.618
-9.8566
-9.0903
-8.3328
-7.5956
-6.8879
-6.2166
-5.5868
-5.0013
-4.4617
-3.9684
-3.521
-3.1177
-2.7563
-2.4345
-2.1496
-1.8987
-1.6789
-1.4874
-1.3217
-1.1792
-1.0573
-0.95387
-0.86697
-0.79492
-0.73606
-0.68883
-0.65198
-0.62452
-0.60556
-0.59427
-0.5899
-0.59197
-0.60016
-0.61417
-0.63376
-0.65871
-0.68897
-0.72467
-0.76596
-0.81305
-0.8662
-0.92572
-0.99203
-1.0657
-1.1473
-1.2374
-1.3369
-1.4467
-1.5676
-1.7008
-1.848
-2.0103
-2.1889
-2.3852
-2.6006
-2.837
-3.0964
-3.381
-3.6934
-4.0363
-4.4127
-4.8257
-5.2752
-5.7647
-6.2979
-6.8772
-7.5033
-8.1756
-8.8917
-9.6481
-10.439
-11.259
-12.095
-12.931
-13.749
-14.524
-15.231
-15.841
-16.326
-16.656
-16.807
-16.765
-16.528
-16.098
-15.486
-14.713
-13.807
-12.799
-11.723
-10.612
-9.4922
-8.3894
-7.322
-6.3047
-5.3475
-4.4568
-3.636
-2.8859
-2.2044
-1.588
-1.0329
-0.53462
-0.08833
0.31127
0.67023
0.99334
1.2849
1.5493
1.791
2.0147
2.2251
2.4252
2.6178
2.8055
2.9911
3.1774
3.367
3.5619
3.7638
3.9744
4.1953
4.4283
4.6755
4.9381
5.2172
5.5137
5.8285
6.1621
6.5151
6.8878
7.2803
7.6908
8.1188
8.5625
9.0193
9.4856
9.9564
10.426
10.887
11.332
11.753
12.141
12.485
12.775
13.002
13.158
13.239
13.238
13.154
12.986
12.737
12.413
12.02
11.57
11.073
10.54
9.9823
9.4119
8.8384
8.2706
7.7162
7.182
6.6731
6.1934
5.7456
5.3316
4.9525
4.6085
4.2992
4.0234
3.7802
3.5681
3.3859
3.2317
3.1039
3.0009
2.9216
2.8648
2.8293
2.814
2.8175
2.8389
2.878
2.9345
3.0084
3.0994
3.2075
3.3327
3.4752
3.6355
3.8145
4.0128
4.2311
4.4703
4.7311
5.0144
5.3207
5.6498
6.0036
6.3833
6.7894
7.2216
7.6789
8.1593
8.6605
9.1788
9.7102
10.25
10.791
11.325
11.842
12.33
12.778
13.173
13.503
13.758
13.924
13.993
13.958
13.818
13.578
13.243
12.818
12.317
11.752
11.136
10.485
9.8132
9.1339
8.4591
7.7994
7.1632
6.557
5.9858
5.453
4.9601
4.508
4.0968
3.7257
3.3935
3.0981
2.8376
2.6098
2.4126
2.2434
2.1
1.9804
1.883
1.8062
1.7483
1.7076
1.6825
1.6721
1.6759
1.6932
1.7236
1.7666
1.8217
1.8888
1.9683
2.0603
2.1654
2.284
2.4167
2.5641
2.7272
2.907
3.1048
3.3216
3.5589
3.8181
4.1008
4.4085
4.7429
5.1048
5.4965
5.92
6.3764
6.8662
7.3891
7.9442
8.5297
9.1433
9.7815
10.438
11.104
11.77
12.423
13.049
13.629
14.148
14.586
14.922
15.139
15.225
15.175
14.986
14.658
14.2
13.626
12.951
12.196
11.385
10.538
9.6743
8.8134
7.9697
7.1551
6.3793
5.6487
4.9677
4.3388
3.7627
3.2387
2.7648
2.3385
1.9568
1.6166
1.3143
1.0462
0.80887
0.59923
0.414
0.24995
0.10397
-0.026335
-0.14311
-0.24849
-0.34458
-0.43348
-0.5168
-0.59587
-0.67204
-0.74664
-0.82096
-0.89606
-0.97285
-1.0523
-1.1355
-1.2234
-1.3172
-1.4177
-1.5257
-1.6423
-1.7686
-1.906
-2.0556
-2.219
-2.3972
-2.5916
-2.8039
-3.0358
-3.2891
-3.5662
-3.8687
-4.1989
-4.559
-4.9512
-5.3773
-5.8391
-6.338
-6.8755
-7.4525
-8.068
-8.7205
-9.4085
-10.127
-10.87
-11.625
-12.379
-13.117
-13.821
-14.468
-15.034
-15.494
-15.829
-16.019
-16.049
-15.911
-15.602
-15.129
-14.509
-13.765
-12.92
-12
-11.031
-10.039
-9.0467
-8.0726
-7.1324
-6.2378
-5.3968
-4.6148
-3.8935
-3.2334
-2.6334
-2.0912
-1.6032
-1.1654
-0.77367
-0.42386
-0.11152
0.1679
0.41909
0.64595
0.85184
1.0401
1.214
1.3769
1.5317
1.6808
1.8262
1.9702
2.1149
2.2625
2.4149
2.5734
2.7397
2.9152
3.1018
3.3013
3.5154
3.7453
3.9923
4.258
4.5438
4.8514
5.1823
5.5376
5.9184
6.3257
6.7603
7.2219
7.7098
8.2224
8.7576
9.3124
9.8826
10.462
11.042
11.613
12.166
12.687
13.162
13.579
13.923
14.177
14.33
14.373
14.304
14.123
13.831
13.433
12.943
12.371
11.733
11.047
10.33
9.5969
8.8625
8.1395
7.4381
6.7664
6.1307
5.5352
4.9825
4.4739
4.0099
3.5896
3.2114
2.8734
2.5732
2.3084
2.0762
1.874
1.6994
1.5498
1.423
1.3165
1.2285
1.1574
1.1015
1.0593
1.0295
1.0111
1.0035
1.0057
1.0173
1.0376
1.0663
1.1034
1.1489
1.2028
1.2653
1.3365
1.4168
1.5068
1.6072
1.7185
1.8417
1.9777
2.1275
2.2924
2.4739
2.6733
2.8917
3.1309
3.3926
3.6785
3.9909
4.3318
4.7039
5.1096
5.5499
6.0248
6.5382
7.0928
7.6893
8.3265
9.0017
9.7101
10.445
11.199
11.961
12.719
13.453
14.142
14.764
15.296
15.712
15.994
16.121
16.077
15.86
15.473
14.931
14.249
13.449
12.558
11.603
10.609
9.6034
8.6063
7.6357
6.7057
5.8261
5.0038
4.242
3.5423
2.9042
2.3261
1.8047
1.3361
0.91634
0.54112
0.20597
-0.093789
-0.36293
-0.60545
-0.82495
-1.025
-1.2091
-1.3808
-1.5431
-1.6985
-1.8491
-1.9975
-2.1458
-2.2965
-2.4511
-2.6114
-2.7788
-2.9551
-3.1421
-3.3417
-3.5555
-3.7845
-4.0304
-4.2944
-4.5782
-4.8833
-5.2115
-5.5634
-5.9405
-6.3435
-6.7729
-7.2284
-7.7094
-8.2143
-8.7414
-9.2877
-9.8483
-10.417
-10.987
-11.549
-12.092
-12.603
-13.071
-13.483
-13.821
-14.073
-14.226
-14.273
-14.211
-14.041
-13.761
-13.379
-12.904
-12.35
-11.73
-11.061
-10.361
-9.6431
-8.9231
-8.2128
-7.5227
-6.8607
-6.2332
-5.6446
-5.0975
-4.5936
-4.1333
-3.7161
-3.3405
-3.0046
-2.7064
-2.4433
-2.2128
-2.0122
-1.8393
-1.692
-1.568
-1.465
-1.3808
-1.3134
-1.2617
-1.2245
-1.2006
-1.1889
-1.1883
-1.1984
-1.2186
-1.2488
-1.2886
-1.338
-1.3967
-1.465
-1.5432
-1.6319
-1.7314
-1.8425
-1.9657
-2.102
-2.2525
-2.4182
-2.6002
-2.7999
-3.0188
-3.2584
-3.5205
-3.8071
-4.1201
-4.4604
-4.8307
-5.2338
-5.6717
-6.146
-6.6574
-7.2063
-7.792
-8.4136
-9.0691
-9.7561
-10.469
-11.197
-11.931
-12.656
-13.355
-14.009
-14.599
-15.1
-15.488
-15.742
-15.848
-15.797
-15.586
-15.216
-14.697
-14.044
-13.278
-12.426
-11.512
-10.562
-9.6003
-8.6457
-7.715
-6.8214
-5.9746
-5.1813
-4.4455
-3.7689
-3.1516
-2.5913
-2.0855
-1.6308
-1.2237
-0.86017
-0.53564
-0.24601
0.01268
0.24435
0.45291
0.64203
0.81471
0.97381
1.1222
1.2625
1.3973
1.5287
1.6583
1.7881
1.92
2.0561
2.1977
2.3462
2.503
2.6696
2.8477
3.0391
3.2452
3.4674
3.7072
3.9659
4.2452
4.5468
4.8726
5.2237
5.6015
6.0075
6.4427
6.9073
7.4011
7.9231
8.4717
9.0448
9.6385
10.247
10.863
11.477
12.079
12.656
13.191
13.673
14.084
14.405
14.621
14.722
14.703
14.56
14.295
13.912
13.421
12.835
12.173
11.451
10.69
9.9067
9.1184
8.3394
7.5815
6.854
6.1644
5.5175
4.9164
4.3628
3.857
3.3982
2.9846
2.6138
2.2834
1.9905
1.7321
1.5049
1.3064
1.1337
0.98399
0.85466
0.74338
0.64824
0.56741
0.49907
0.44152
0.3934
0.35367
0.32131
0.29537
0.27496
0.25947
0.24836
0.24117
0.23745
0.2369
0.2393
0.24447
0.25225
0.26252
0.27524
0.29045
0.30821
0.32858
0.35166
0.37759
0.4066
0.43891
0.4748
0.5146
0.55866
0.60738
0.6613
0.72099
0.7869
0.85959
0.93976
1.0282
1.1259
1.2338
1.3533
1.4854
1.6318
1.7939
1.9731
2.1713
2.3902
2.632
2.8992
3.1945
3.5207
3.8809
4.2773
4.713
5.1924
5.7194
6.2964
6.9255
7.6073
8.3419
9.1283
9.9646
10.844
11.757
12.69
13.623
14.532
15.388
16.161
16.811
17.299
17.595
17.676
17.532
17.156
16.557
15.755
14.782
13.676
12.478
11.228
9.9608
8.7075
7.4917
6.332
5.241
4.2268
3.2935
2.4418
1.6686
0.96998
0.34151
-0.222
-0.72633
-1.1781
-1.5839
-1.9491
-2.279
-2.5791
-2.8548
-3.1115
-3.3531
-3.5829
-3.8041
-4.0198
-4.2334
-4.448
-4.6656
-4.8879
-5.1165
-5.3529
-5.5986
-5.8552
-6.1237
-6.4046
-6.698
-7.0039
-7.3218
-7.6512
-7.9912
-8.3404
-8.6972
-9.0587
-9.4213
-9.7812
-10.134
-10.475
-10.799
-11.1
-11.373
-11.611
-11.807
-11.959
-12.061
-12.107
-12.096
-12.027
-11.9
-11.72
-11.49
-11.215
-10.898
-10.547
-10.168
-9.7691
-9.3562
-8.9363
-8.5161
-8.1015
-7.6976
-7.3086
-6.9381
-6.5889
-6.2634
-5.9631
-5.6889
-5.4413
-5.2203
-5.0257
-4.8573
-4.7145
-4.5969
-4.5034
-4.4326
-4.3843
-4.3583
-4.3544
-4.3721
-4.411
-4.4704
-4.5496
-4.6478
-4.764
-4.8985
-5.052
-5.2249
-5.4172
-5.6291
-5.8604
-6.1109
-6.3805
-6.6686
-6.9743
-7.2971
-7.6368
-7.9923
-8.3616
-8.7423
-9.1312
-9.5244
-9.9172
-10.304
-10.68
-11.039
-11.374
-11.677
-11.941
-12.159
-12.326
-12.436
-12.485
-12.47
-12.39
-12.244
-12.035
-11.767
-11.447
-11.082
-10.679
-10.247
-9.794
-9.3289
-8.8593
-8.392
-7.9333
-7.4885
-7.0624
-6.6587
-6.28
-5.9282
-5.6047
-5.3103
-5.0455
-4.8099
-4.6029
-4.4237
-4.2717
-4.1459
-4.0453
-3.969
-3.9157
-3.8844
-3.8747
-3.8862
-3.9182
-3.9704
-4.0423
-4.1332
-4.2427
-4.371
-4.5184
-4.6853
-4.8719
-5.0784
-5.305
-5.5519
-5.819
-6.1061
-6.4137
-6.7421
-7.091
-7.4598
-7.8469
-8.2504
-8.6676
-9.0956
-9.5304
-9.9681
-10.403
-10.828
-11.236
-11.62
-11.971
-12.28
-12.539
-12.741
-12.879
-12.944
-12.933
-12.845
-12.682
-12.448
-12.146
-11.783
-11.368
-10.91
-10.419
-9.9036
-9.3751
-8.8427
-8.3147
-7.7983
-7.2997
-6.8239
-6.3747
-5.9549
-5.5664
-5.2099
-4.8858
-4.594
-4.3343
-4.1057
-3.907
-3.7368
-3.594
-3.4775
-3.3861
-3.3184
-3.2733
-3.2491
-3.2449
-3.26
-3.2945
-3.348
-3.4204
-3.5115
-3.6208
-3.7481
-3.893
-4.0564
-4.239
-4.4414
-4.6643
-4.908
-5.1733
-5.4607
-5.7704
-6.1018
-6.4559
-6.8337
-7.2351
-7.6596
-8.1054
-8.5701
-9.0503
-9.5417
-10.039
-10.537
-11.028
-11.505
-11.956
-12.371
-12.74
-13.052
-13.297
-13.467
-13.553
-13.55
-13.453
-13.264
-12.987
-12.629
-12.2
-11.709
-11.168
-10.591
-9.989
-9.3743
-8.7577
-8.1494
-7.5578
-6.9895
-6.45
-5.9432
-5.4718
-5.0374
-4.6404
-4.2806
-3.9572
-3.6691
-3.4149
-3.1929
-3.0009
-2.8373
-2.7005
-2.5891
-2.5012
-2.4351
-2.3892
-2.3617
-2.3521
-2.3598
-2.3843
-2.4251
-2.4817
-2.5536
-2.6405
-2.7426
-2.8606
-2.9948
-3.1457
-3.3141
-3.5006
-3.706
-3.9313
-4.1777
-4.4464
-4.7386
-5.0554
-5.3978
-5.7666
-6.1626
-6.5867
-7.0389
-7.5182
-8.0244
-8.5562
-9.1106
-9.6831
-10.268
-10.857
-11.442
-12.013
-12.557
-13.06
-13.506
-13.882
-14.175
-14.37
-14.459
-14.434
-14.291
-14.03
-13.658
-13.187
-12.631
-12.003
-11.32
-10.6
-9.8588
-9.1117
-8.3715
-7.6501
-6.9566
-6.2979
-5.679
-5.1035
-4.5729
-4.0876
-3.6469
-3.2495
-2.8935
-2.5766
-2.2961
-2.0494
-1.8339
-1.6469
-1.4856
-1.3474
-1.2303
-1.1324
-1.0515
-0.98594
-0.93397
-0.89443
-0.86623
-0.84836
-0.83987
-0.83998
-0.84825
-0.86436
-0.88802
-0.91899
-0.95707
-1.0023
-1.0548
-1.115
-1.1832
-1.2597
-1.3451
-1.4398
-1.5448
-1.6608
-1.7887
-1.9296
-2.0845
-2.2548
-2.442
-2.6477
-2.8736
-3.1216
-3.3936
-3.6915
-4.0175
-4.3734
-4.7616
-5.1843
-5.6437
-6.1423
-6.6825
-7.2643
-7.8876
-8.5525
-9.2568
-9.9958
-10.762
-11.545
-12.334
-13.113
-13.86
-14.554
-15.169
-15.682
-16.066
-16.301
-16.366
-16.249
-15.95
-15.478
-14.85
-14.084
-13.207
-12.247
-11.232
-10.19
-9.1475
-8.1236
-7.1356
-6.1959
-5.3132
-4.4926
-3.7362
-3.0446
-2.4165
-1.849
-1.3382
-0.87989
-0.46964
-0.1028
0.22551
0.52037
0.78638
1.0274
1.2471
1.4494
1.6379
1.8162
1.987
2.1527
2.3157
2.4785
2.6436
2.8131
2.9887
3.1719
3.3644
3.568
3.7845
4.0159
4.2634
4.5283
4.8118
5.1151
5.4395
5.7863
6.1564
6.5498
6.967
7.4081
7.8724
8.3579
8.862
9.3809
9.9099
10.443
10.975
11.494
11.992
12.456
12.876
13.238
13.532
13.747
13.873
13.901
13.826
13.65
13.376
13.013
12.567
12.05
11.476
10.859
10.212
9.5486
8.8827
8.225
7.5848
6.9698
6.3861
5.8378
5.3278
4.8576
4.4274
4.0371
3.6859
3.3723
3.0945
2.8505
2.638
2.4552
2.2997
2.1693
2.0618
1.9759
1.9101
1.863
1.8332
1.8193
1.82
1.8349
1.8635
1.9057
1.9611
2.0296
2.111
2.2054
2.3133
2.4354
2.5722
2.7245
2.8931
3.079
3.2833
3.5072
3.7522
4.0196
4.3109
4.6276
4.9709
5.3422
5.7431
6.1748
6.6385
7.1333
7.66
8.2181
8.8053
9.4178
10.05
10.696
11.345
11.989
12.613
13.201
13.737
14.204
14.584
14.861
15.022
15.052
14.945
14.702
14.329
13.839
13.243
12.56
11.808
11.009
10.181
9.3435
8.5129
7.7028
6.9241
6.1851
5.4915
4.8469
4.2528
3.7094
3.216
2.7708
2.371
2.0137
1.696
1.4146
1.1661
0.9471
0.75404
0.5842
0.43495
0.30373
0.18799
0.085331
-0.0061389
-0.088052
-0.16201
-0.22959
-0.29227
-0.35118
-0.40733
-0.46171
-0.5153
-0.569
-0.62352
-0.67957
-0.73788
-0.79926
-0.8645
-0.93426
-1.0092
-1.09
-1.1775
-1.2727
-1.3766
-1.4901
-1.6141
-1.7498
-1.8984
-2.0611
-2.2396
-2.4356
-2.6509
-2.8873
-3.1466
-3.4309
-3.7424
-4.0833
-4.4562
-4.8638
-5.3085
-5.79
-6.3121
-6.8783
-7.4904
-8.1481
-8.8492
-9.5895
-10.363
-11.161
-11.975
-12.79
-13.587
-14.343
-15.033
-15.63
-16.107
-16.441
-16.605
-16.582
-16.368
-15.968
-15.394
-14.662
-13.8
-12.836
-11.801
-10.726
-9.6392
-8.5641
-7.5204
-6.5226
-5.5816
-4.7037
-3.8924
-3.1492
-2.473
-1.8611
-1.3097
-0.81441
-0.37065
0.026517
0.38229
0.70207
0.99046
1.2517
1.4899
1.7093
1.914
2.1076
2.2928
2.4724
2.649
2.8253
3.004
3.1872
3.3765
3.5736
3.7803
3.9985
4.2301
4.4767
4.7395
5.0195
5.3179
5.6356
5.9738
6.3332
6.7141
7.116
7.539
7.9822
8.4437
8.9208
9.4096
9.9053
10.402
10.894
11.374
11.83
12.252
12.631
12.956
13.216
13.403
13.509
13.528
13.455
13.289
13.035
12.698
12.288
11.815
11.289
10.723
10.131
9.5223
8.9097
8.3025
7.7099
7.139
6.5952
6.0829
5.6052
5.1639
4.7598
4.3928
4.0623
3.7671
3.5061
3.2776
3.0797
2.9102
2.7677
2.651
2.5584
2.4884
2.4393
2.4095
2.3972
2.4021
2.4238
2.4621
2.5164
2.5866
2.6723
2.7733
2.8899
3.0227
3.1724
3.3395
3.5249
3.7293
3.9537
4.1988
4.4659
4.7563
5.0715
5.4123
5.7797
6.1741
6.596
7.0455
7.5223
8.026
8.5537
9.1031
9.6704
10.25
10.835
11.416
11.982
12.521
13.02
13.465
13.839
14.128
14.322
14.41
14.386
14.247
13.992
13.628
13.163
12.612
11.991
11.314
10.6
9.8659
9.1255
8.3919
7.6763
6.9883
6.3344
5.7197
5.1476
4.6201
4.1375
3.6991
3.3038
2.9495
2.6342
2.3553
2.1101
1.896
1.7103
1.5505
1.414
1.2988
1.2027
1.124
1.0607
1.0113
0.97468
0.94975
0.93549
0.93098
0.93545
0.94854
0.96998
0.99951
1.0369
1.0821
1.1351
1.1961
1.2656
1.344
1.4317
1.5293
1.6374
1.7571
1.8891
2.0345
2.1944
2.3701
2.5629
2.7746
3.0069
3.2616
3.5404
3.8457
4.1797
4.5446
4.9423
5.3747
5.8437
6.3508
6.8976
7.4854
8.1146
8.7817
9.4851
10.22
10.98
11.752
12.524
13.278
13.996
14.653
15.225
15.686
16.014
16.191
16.202
16.038
15.698
15.19
14.532
13.751
12.868
11.913
10.913
9.8926
8.8762
7.8824
6.9264
6.0196
5.1696
4.3809
3.655
2.992
2.3903
1.8472
1.3588
0.92074
0.52887
0.17869
-0.13442
-0.41523
-0.66855
-0.89814
-1.1075
-1.3
-1.479
-1.6482
-1.8103
-1.9676
-2.1224
-2.2768
-2.4331
-2.5937
-2.7602
-2.9342
-3.1172
-3.3109
-3.517
-3.7373
-3.9736
-4.2271
-4.4991
-4.791
-5.1039
-5.4392
-5.7983
-6.1821
-6.5903
-7.0239
-7.483
-7.9665
-8.4725
-8.9979
-9.5385
-10.089
-10.644
-11.196
-11.734
-12.247
-12.722
-13.148
-13.512
-13.8
-14.002
-14.106
-14.106
-13.996
-13.779
-13.462
-13.052
-12.558
-11.994
-11.374
-10.714
-10.029
-9.3317
-8.6367
-7.9548
-7.2951
-6.665
-6.07
-5.5138
-4.9987
-4.5254
-4.094
-3.704
-3.3539
-3.042
-2.7661
-2.5239
-2.313
-2.1311
-1.9755
-1.8444
-1.7358
-1.6478
-1.5786
-1.5264
-1.4897
-1.4677
-1.4594
-1.4641
-1.4811
-1.5095
-1.549
-1.5997
-1.6615
-1.7346
-1.8193
-1.9156
-2.024
-2.1454
-2.2803
-2.4297
-2.5947
-2.7762
-2.9756
-3.1941
-3.4332
-3.6945
-3.98
-4.2915
-4.6306
-4.9989
-5.3976
-5.8281
-6.2913
-6.7883
-7.3197
-7.8863
-8.4885
-9.1225
-9.7828
-10.464
-11.158
-11.854
-12.538
-13.194
-13.808
-14.357
-14.819
-15.173
-15.402
-15.494
-15.443
-15.244
-14.897
-14.413
-13.804
-13.09
-12.293
-11.439
-10.547
-9.642
-8.741
-7.8602
-7.0118
-6.2056
-5.4482
-4.7437
-4.0943
-3.5005
-2.9611
-2.4735
-2.0351
-1.6425
-1.2924
-0.9806
-0.70329
-0.45687
-0.23783
-0.042667
0.13212
0.28962
0.43233
0.56269
0.6831
0.79593
0.90331
1.0068
1.1081
1.2087
1.3101
1.414
1.5215
1.6338
1.7521
1.8776
2.0118
2.1562
2.3119
2.4801
2.6621
2.8594
3.0736
3.3066
3.5602
3.8359
4.1355
4.4608
4.8134
5.1951
5.6075
6.0523
6.5308
7.0426
7.5888
8.1694
8.7825
9.4242
10.089
10.77
11.457
12.14
12.805
13.433
14.007
14.508
14.916
15.213
15.383
15.411
15.291
15.022
14.614
14.079
13.43
12.69
11.878
11.018
10.131
9.2381
8.3559
7.499
6.6786
5.9029
5.1774
4.5051
3.8872
3.3235
2.8127
2.3522
1.9388
1.5694
1.2404
0.94814
0.68883
0.45846
0.25354
0.071054
-0.091978
-0.23848
-0.37126
-0.49269
-0.60482
-0.70967
-0.8092
-0.90526
-0.9993
-1.0926
-1.1867
-1.2827
-1.3823
-1.4865
-1.5964
-1.713
-1.8375
-1.9713
-2.1157
-2.2722
-2.4418
-2.6259
-2.8258
-3.0432
-3.2799
-3.5379
-3.8188
-4.1245
-4.4569
-4.8178
-5.209
-5.6319
-6.0883
-6.5796
-7.1065
-7.668
-8.2647
-8.8949
-9.5551
-10.239
-10.94
-11.646
-12.345
-13.025
-13.665
-14.244
-14.744
-15.144
-15.425
-15.573
-15.572
-15.417
-15.108
-14.654
-14.071
-13.377
-12.591
-11.74
-10.844
-9.9273
-9.0088
-8.1064
-7.2338
-6.4019
-5.6183
-4.8881
-4.2137
-3.5956
-3.0328
-2.5237
-2.0656
-1.6547
-1.2873
-0.96
-0.66896
-0.41035
-0.18018
0.025682
0.2106
0.3773
0.52855
0.66709
0.79562
0.91654
1.0317
1.143
1.2521
1.3609
1.4711
1.584
1.7008
1.823
1.9519
2.089
2.2358
2.3934
2.5632
2.7464
2.9445
3.1592
3.3924
3.6456
3.9206
4.2189
4.5421
4.8919
5.2699
5.6779
6.1174
6.5876
7.089
7.6237
8.1919
8.7918
9.4197
10.07
10.735
11.404
12.067
12.711
13.321
13.876
14.358
14.75
15.034
15.196
15.225
15.113
14.858
14.467
13.95
13.326
12.613
11.83
11
10.144
9.2808
8.4257
7.5936
6.7954
6.039
5.3304
4.673
4.0684
3.5162
3.0151
2.563
2.1575
1.7951
1.4721
1.1852
0.93151
0.70763
0.5102
0.33567
0.18041
0.041876
-0.081958
-0.19333
-0.29442
-0.38727
-0.47357
-0.5548
-0.6324
-0.70779
-0.78229
-0.85694
-0.93272
-1.0107
-1.0918
-1.1773
-1.2681
-1.3649
-1.4688
-1.5807
-1.7018
-1.8333
-1.9766
-2.1327
-2.3028
-2.4884
-2.691
-2.9123
-3.1543
-3.4189
-3.7081
-4.0238
-4.3682
-4.7432
-5.1509
-5.5932
-6.0721
-6.5894
-7.1452
-7.7398
-8.3737
-9.045
-9.7495
-10.481
-11.229
-11.985
-12.733
-13.457
-14.135
-14.745
-15.264
-15.668
-15.939
-16.055
-16.004
-15.781
-15.391
-14.849
-14.169
-13.375
-12.492
-11.546
-10.563
-9.5682
-8.5824
-7.623
-6.7036
-5.8342
-5.0213
-4.2683
-3.5765
-2.9456
-2.3739
-1.8583
-1.395
-0.98003
-0.60914
-0.27803
0.017869
0.28326
0.5223
0.73845
0.93516
1.1159
1.2839
1.4426
1.5941
1.7407
1.8848
2.0285
2.1741
2.3235
2.4781
2.6395
2.8093
2.9894
3.1815
3.3873
3.608
3.8451
4.1
4.3741
4.6693
4.9871
5.3288
5.6954
6.0883
6.508
6.9547
7.4281
7.927
8.4502
8.9954
9.5583
10.134
10.715
11.294
11.861
12.403
12.906
13.361
13.75
14.056
14.267
14.372
14.368
14.251
14.022
13.683
13.243
12.714
12.11
11.448
10.745
10.018
9.2807
8.5483
7.8321
7.1413
6.4832
5.8633
5.2849
4.7501
4.2599
3.8142
3.4116
3.0503
2.7284
2.4433
2.1923
1.9729
1.7824
1.6185
1.4786
1.3602
1.2614
1.1804
1.1155
1.065
1.0276
1.0021
0.9876
0.98342
0.9888
1.0031
1.0258
1.0568
1.0961
1.1437
1.1996
1.264
1.337
1.4192
1.5111
1.6135
1.727
1.8524
1.9908
2.1432
2.3111
2.4956
2.698
2.9197
3.1625
3.428
3.7185
4.036
4.383
4.762
5.1733
5.6191
6.1031
6.6274
7.193
7.7994
8.4449
9.1266
9.8403
10.58
11.339
12.105
12.862
13.591
14.273
14.884
15.4
15.799
16.054
16.148
16.071
15.824
15.41
14.839
14.131
13.308
12.397
11.428
10.426
9.4162
8.4194
7.4524
6.5281
5.6559
4.8418
4.0892
3.3994
2.7715
2.2028
1.69
1.2295
0.81713
0.44861
0.11916
-0.17592
-0.4407
-0.6792
-0.8954
-1.0933
-1.2763
-1.4473
-1.6091
-1.7643
-1.9156
-2.0656
-2.2162
-2.3691
-2.5262
-2.6893
-2.8603
-3.0413
-3.2336
-3.4384
-3.6574
-3.8919
-4.1438
-4.4148
-4.7064
-5.0197
-5.3562
-5.7167
-6.1021
-6.513
-6.9497
-7.4125
-7.8988
-8.4065
-8.935
-9.4818
-10.043
-10.611
-11.179
-11.736
-12.27
-12.767
-13.212
-13.594
-13.899
-14.113
-14.226
-14.232
-14.129
-13.917
-13.598
-13.18
-12.676
-12.097
-11.46
-10.782
-10.077
-9.3614
-8.6482
-7.9489
-7.2727
-6.627
-6.0174
-5.4476
-4.9197
-4.4351
-3.9938
-3.5949
-3.2366
-2.9171
-2.6343
-2.3856
-2.1683
-1.9802
-1.819
-1.6822
-1.5677
-1.4732
-1.397
-1.3376
-1.2936
-1.2638
-1.2467
-1.2415
-1.2476
-1.2645
-1.2918
-1.3292
-1.3763
-1.433
-1.4997
-1.5766
-1.664
-1.7626
-1.8727
-1.995
-2.1305
-2.2801
-2.4449
-2.626
-2.8248
-3.0426
-3.2812
-3.5422
-3.8274
-4.1379
-4.4766
-4.8457
-5.2473
-5.6829
-6.1536
-6.6602
-7.2031
-7.7821
-8.3969
-9.0465
-9.7276
-10.432
-11.153
-11.879
-12.597
-13.289
-13.937
-14.523
-15.021
-15.407
-15.662
-15.773
-15.731
-15.531
-15.173
-14.668
-14.03
-13.279
-12.442
-11.543
-10.607
-9.657
-8.7128
-7.7909
-6.9045
-6.0636
-5.2749
-4.5425
-3.8686
-3.2532
-2.6944
-2.1896
-1.7358
-1.3295
-0.96656
-0.64277
-0.35399
-0.096368
0.13396
0.34086
0.52799
0.69836
0.85475
0.9999
1.1365
1.2672
1.3938
1.5182
1.6423
1.7678
1.8966
2.0304
2.1705
2.318
2.4746
2.6418
2.8213
3.0146
3.2232
3.4484
3.6916
3.9544
4.2387
4.5462
4.8785
5.237
5.6233
6.0387
6.4839
6.9592
7.4644
7.9986
8.5608
9.1478
9.7553
10.378
11.008
11.635
12.248
12.833
13.375
13.86
14.266
14.577
14.778
14.86
14.817
14.648
14.352
13.935
13.411
12.792
12.097
11.346
10.559
9.7532
8.9462
8.152
7.3823
6.6462
5.9506
5.2999
4.6969
4.143
3.638
3.1806
2.7688
2.4001
2.0717
1.7806
1.5235
1.2973
1.0991
0.92601
0.77525
0.64395
0.52978
0.43083
0.34522
0.27112
0.20673
0.15055
0.10152
0.058591
0.020772
-0.012925
-0.04334
-0.071054
-0.096643
-0.12066
-0.14364
-0.166
-0.18811
-0.21033
-0.23302
-0.25655
-0.2812
-0.30726
-0.33503
-0.36486
-0.39712
-0.43215
-0.47028
-0.51188
-0.55736
-0.60722
-0.66198
-0.72227
-0.78866
-0.86176
-0.94224
-1.0309
-1.1288
-1.2368
-1.3562
-1.4882
-1.6343
-1.7956
-1.9739
-2.1708
-2.3883
-2.6288
-2.8946
-3.1884
-3.5126
-3.8702
-4.2645
-4.6989
-5.1764
-5.6998
-6.2715
-6.8938
-7.5688
-8.2972
-9.0766
-9.9058
-10.779
-11.688
-12.616
-13.544
-14.45
-15.306
-16.076
-16.725
-17.221
-17.53
-17.63
-17.503
-17.142
-16.556
-15.769
-14.816
-13.728
-12.547
-11.309
-10.051
-8.8038
-7.5918
-6.4341
-5.344
-4.3295
-3.3941
-2.5388
-1.7625
-1.0618
-0.43134
0.13424
0.64073
1.0942
1.5008
1.8672
2.2
2.503
2.7805
3.0366
3.2757
3.5027
3.7222
3.9379
4.1513
4.3647
4.5804
4.8004
5.0272
5.2625
5.5075
5.7631
6.0302
6.3092
6.6009
6.9057
7.2237
7.5539
7.8956
8.2471
8.6066
8.9715
9.3386
9.7044
10.065
10.415
10.75
11.063
11.348
11.598
11.808
11.973
12.088
12.149
12.153
12.099
11.987
11.817
11.593
11.321
11.006
10.654
10.273
9.869
9.4509
9.0252
8.5984
8.1762
7.7638
7.3658
6.9863
6.628
6.2932
5.9835
5.7001
5.4437
5.2145
5.0124
4.8368
4.6871
4.5628
4.4633
4.3876
4.3351
4.3047
4.2956
4.3073
4.3398
4.3926
4.4655
4.5581
4.6701
4.801
4.9505
5.119
5.3068
5.5141
5.741
5.9875
6.2533
6.5383
6.8419
7.1629
7.5003
7.8539
8.2223
8.6036
8.995
9.3928
9.7927
10.189
10.577
10.949
11.298
11.62
11.904
12.143
12.332
12.463
12.534
12.541
12.481
12.355
12.164
11.911
11.602
11.244
10.846
10.414
9.9588
9.4882
9.0108
8.5341
8.0645
7.6077
7.1686
6.7515
6.359
5.9934
5.6562
5.3483
5.0703
4.822
4.6029
4.4122
4.249
4.1126
4.0019
3.916
3.8535
3.8134
3.7949
3.7976
3.8211
3.8648
3.9283
4.0111
4.1126
4.2325
4.3714
4.5296
4.7074
4.905
5.1227
5.3606
5.6191
5.8979
6.197
6.5173
6.8587
7.2209
7.6027
8.0026
8.4182
8.8469
9.2852
9.7292
10.174
10.614
11.041
11.448
11.826
12.167
12.462
12.704
12.883
12.993
13.026
12.981
12.858
12.659
12.389
12.051
11.656
11.211
10.726
10.212
9.6791
9.137
8.5952
8.0616
7.5431
7.0456
6.5734
6.1299
5.7175
5.3374
4.9902
4.676
4.3946
4.1452
3.9269
3.738
3.5775
3.4441
3.3365
3.2533
3.1932
3.1548
3.1365
3.138
3.1589
3.199
3.258
3.3354
3.4309
3.5439
3.6742
3.8225
3.9895
4.1758
4.382
4.6087
4.8564
5.1258
5.4172
5.7307
6.0676
6.4287
6.8144
7.224
7.6566
8.1104
8.5829
9.071
9.5711
10.079
10.587
11.089
11.574
12.035
12.459
12.836
13.155
13.406
13.578
13.66
13.65
13.544
13.346
13.059
12.688
12.244
11.737
11.179
10.583
9.9636
9.3323
8.7008
8.0792
7.4759
6.8977
6.3498
5.836
5.3585
4.9187
4.517
4.1534
3.8271
3.5365
3.2801
3.056
2.8625
2.6975
2.5591
2.445
2.3535
2.2836
2.2342
2.2041
2.1919
2.1965
2.2165
2.2513
2.3012
2.3659
2.4456
2.5401
2.6497
2.7746
2.9151
3.0722
3.2466
3.4393
3.6513
3.8836
4.1373
4.4136
4.7126
5.0364
5.387
5.766
6.1743
6.6123
7.0797
7.5757
8.0988
8.647
9.2177
9.8077
10.411
11.02
11.623
12.209
12.766
13.278
13.731
14.111
14.398
14.58
14.646
14.592
14.416
14.121
13.712
13.202
12.604
11.935
11.213
10.456
9.6827
8.9079
8.1453
7.406
6.6984
6.0294
5.4032
4.8225
4.2886
3.8018
3.3608
2.9639
2.6087
2.2928
2.0134
1.7673
1.5517
1.3639
1.2013
1.061
0.94066
0.83812
0.75152
0.67908
0.61908
0.56996
0.53059
0.49993
0.47702
0.46099
0.45114
0.44701
0.44816
0.45418
0.46475
0.47969
0.49896
0.52253
0.55044
0.58271
0.61949
0.66101
0.70759
0.75958
0.81738
0.88146
0.95234
1.0308
1.1174
1.213
1.3182
1.4341
1.5617
1.7023
1.8573
2.0282
2.2168
2.4248
2.6542
2.9068
3.1848
3.4905
3.8264
4.1952
4.5998
5.0431
5.5283
6.0566
6.6309
7.2537
7.926
8.6465
9.4122
10.218
11.057
11.92
12.79
13.65
14.475
15.239
15.911
16.463
16.86
17.073
17.087
16.894
16.496
15.901
15.131
14.212
13.178
12.066
10.91
9.7415
8.5864
7.4661
6.3968
5.3897
4.452
3.5875
2.7973
2.0794
1.4301
0.84533
0.3204
-0.14981
-0.57095
-0.94937
-1.2901
-1.5978
-1.8771
-2.1329
-2.37
-2.5932
-2.8057
-3.0102
-3.2098
-3.4072
-3.6053
-3.807
-4.0141
-4.2282
-4.451
-4.6842
-4.9293
-5.1883
-5.4622
-5.7519
-6.058
-6.3809
-6.7208
-7.0777
-7.4512
-7.8407
-8.2442
-8.6596
-9.0845
-9.5153
-9.9477
-10.376
-10.795
-11.197
-11.573
-11.915
-12.216
-12.468
-12.661
-12.79
-12.849
-12.835
-12.748
-12.588
-12.357
-12.061
-11.705
-11.298
-10.848
-10.367
-9.8629
-9.3464
-8.8263
-8.3108
-7.8066
-7.3198
-6.8549
-6.4159
-6.0054
-5.6249
-5.2758
-4.9586
-4.6733
-4.4196
-4.1963
-4.0025
-3.837
-3.6989
-3.5867
-3.4992
-3.435
-3.3929
-3.3721
-3.372
-3.3923
-3.4321
-3.4909
-3.5681
-3.6633
-3.7765
-3.9084
-4.059
-4.2288
-4.4182
-4.6276
-4.8572
-5.1074
-5.3789
-5.6725
-5.9888
-6.3282
-6.6903
-7.0749
-7.4809
-7.9071
-8.352
-8.8132
-9.287
-9.7693
-10.255
-10.737
-11.208
-11.659
-12.08
-12.464
-12.798
-13.071
-13.272
-13.394
-13.433
-13.385
-13.251
-13.03
-12.727
-12.349
-11.904
-11.404
-10.861
-10.288
-9.6958
-9.0961
-8.4994
-7.9144
-7.3483
-6.8071
-6.2955
-5.8165
-5.3721
-4.9637
-4.5917
-4.256
-3.9556
-3.6891
-3.4552
-3.2523
-3.0788
-2.9327
-2.8123
-2.7157
-2.6419
-2.5897
-2.5578
-2.5451
-2.5504
-2.5727
-2.6115
-2.6668
-2.7384
-2.8264
-2.9306
-3.0511
-3.1881
-3.3422
-3.5143
-3.705
-3.9152
-4.1458
-4.3978
-4.6721
-4.9694
-5.2899
-5.6355
-6.0078
-6.4079
-6.8358
-7.2911
-7.7725
-8.2782
-8.8055
-9.351
-9.9106
-10.479
-11.048
-11.607
-12.146
-12.652
-13.113
-13.514
-13.844
-14.087
-14.231
-14.268
-14.194
-14.009
-13.717
-13.324
-12.84
-12.279
-11.655
-10.983
-10.281
-9.5632
-8.8443
-8.1363
-7.4495
-6.7917
-6.1689
-5.5855
-5.0438
-4.5452
-4.0901
-3.6778
-3.3071
-2.9758
-2.6819
-2.4229
-2.1962
-1.9991
-1.8296
-1.6852
-1.5637
-1.463
-1.3807
-1.3155
-1.2659
-1.2307
-1.2086
-1.1985
-1.1996
-1.2113
-1.2333
-1.2653
-1.3069
-1.358
-1.4185
-1.4887
-1.5691
-1.66
-1.762
-1.8757
-2.0016
-2.141
-2.2947
-2.4639
-2.6496
-2.8534
-3.0767
-3.3212
-3.5887
-3.881
-4.1993
-4.5462
-4.9242
-5.3355
-5.7816
-6.2637
-6.7824
-7.338
-7.9301
-8.558
-9.2205
-9.9133
-10.628
-11.358
-12.089
-12.809
-13.498
-14.138
-14.71
-15.186
-15.543
-15.764
-15.836
-15.751
-15.505
-15.102
-14.554
-13.876
-13.091
-12.225
-11.304
-10.352
-9.3926
-8.4442
-7.5226
-6.6404
-5.8065
-5.0269
-4.3052
-3.6427
-3.039
-2.4917
-1.9981
-1.5548
-1.1582
-0.80411
-0.48806
-0.20604
0.045894
0.27165
0.47511
0.65981
0.82865
0.98447
1.1301
1.2682
1.4012
1.531
1.6594
1.7884
1.9198
2.0555
2.1969
2.3455
2.5025
2.6696
2.8483
3.0405
3.2476
3.471
3.712
3.9722
4.2531
4.5566
4.8845
5.2379
5.6183
6.0271
6.4652
6.9329
7.4299
7.9551
8.5072
9.0839
9.6809
10.292
10.911
11.528
12.132
12.709
13.244
13.725
14.132
14.447
14.657
14.751
14.723
14.571
14.296
13.902
13.402
12.807
12.135
11.406
10.639
9.851
9.0591
8.2775
7.5181
6.79
6.1005
5.4542
4.8542
4.3021
3.798
3.341
2.9291
2.5601
2.2313
1.94
1.6828
1.4569
1.2593
1.0873
0.93812
0.80903
0.69775
0.60238
0.52105
0.45198
0.39342
0.34402
0.30273
0.26853
0.24047
0.21763
0.19936
0.18514
0.17448
0.16691
0.16208
0.15973
0.15964
0.16162
0.1655
0.17122
0.17872
0.18799
0.19903
0.21183
0.22647
0.24306
0.26172
0.28259
0.30585
0.33168
0.36035
0.39211
0.42724
0.46607
0.50899
0.55644
0.60892
0.66697
0.73123
0.80249
0.88138
0.96858
1.065
1.1715
1.2895
1.4201
1.5649
1.7256
1.9038
2.1015
2.3206
2.5634
2.8321
3.1295
3.4585
3.8221
4.2238
4.6672
5.1534
5.6855
6.2697
6.9103
7.6092
8.3662
9.1791
10.043
10.952
11.895
12.863
13.831
14.774
15.66
16.455
17.12
17.619
17.912
17.973
17.79
17.364
16.706
15.84
14.801
13.628
12.366
11.056
9.737
8.4386
7.1852
5.995
4.8795
3.846
2.8976
2.0343
1.2527
0.54824
-0.084324
-0.6508
-1.1576
-1.6117
-2.0198
-2.3873
-2.7197
-3.0223
-3.3007
-3.5603
-3.8054
-4.0391
-4.2645
-4.4846
-4.7024
-4.921
-5.1426
-5.3688
-5.6007
-5.8396
-6.0868
-6.3432
-6.61
-6.8873
-7.1748
-7.4721
-7.7784
-8.0924
-8.4127
-8.7375
-9.0646
-9.3914
-9.714
-10.028
-10.33
-10.613
-10.875
-11.11
-11.313
-11.48
-11.607
-11.689
-11.724
-11.709
-11.644
-11.53
-11.369
-11.165
-10.922
-10.643
-10.334
-10.001
-9.6495
-9.2856
-8.9149
-8.543
-8.1752
-7.8159
-7.4689
-7.1374
-6.8242
-6.5314
-6.2607
-6.0133
-5.7898
-5.5903
-5.4149
-5.2636
-5.1361
-5.0321
-4.9511
-4.8925
-4.8553
-4.8393
-4.8443
-4.87
-4.916
-4.9819
-5.0672
-5.1714
-5.2939
-5.4345
-5.5935
-5.771
-5.967
-6.1813
-6.4136
-6.6632
-6.9296
-7.2119
-7.5088
-7.8191
-8.1416
-8.4747
-8.8162
-9.1631
-9.512
-9.8588
-10.199
-10.526
-10.835
-11.121
-11.378
-11.6
-11.78
-11.915
-11.999
-12.031
-12.008
-11.931
-11.799
-11.614
-11.381
-11.102
-10.785
-10.434
-10.059
-9.6655
-9.2599
-8.8493
-8.4399
-8.0371
-7.6456
-7.2693
-6.9115
-6.5751
-6.2619
-5.973
-5.7096
-5.4722
-5.2611
-5.0761
-4.9168
-4.7826
-4.6729
-4.5872
-4.5249
-4.4852
-4.4674
-4.4708
-4.4941
-4.5368
-4.5991
-4.6813
-4.7836
-4.906
-5.0482
-5.21
-5.3911
-5.5909
-5.8086
-6.0441
-6.2982
-6.571
-6.8623
-7.1715
-7.4974
-7.8388
-8.1937
-8.56
-8.9351
-9.3159
-9.6983
-10.078
-10.449
-10.806
-11.143
-11.453
-11.729
-11.965
-12.155
-12.291
-12.369
-12.384
-12.337
-12.227
-12.057
-11.829
-11.547
-11.218
-10.848
-10.444
-10.015
-9.5689
-9.1138
-8.6569
-8.2048
-7.7634
-7.3377
-6.9317
-6.5485
-6.1906
-5.8596
-5.5563
-5.2813
-5.0348
-4.8167
-4.6265
-4.4633
-4.3263
-4.2147
-4.1278
-4.0648
-4.0247
-4.0068
-4.01
-4.0333
-4.076
-4.1384
-4.2203
-4.322
-4.4434
-4.5844
-4.7449
-4.9247
-5.1235
-5.3413
-5.5789
-5.8369
-6.1154
-6.4143
-6.7334
-7.0719
-7.429
-7.8036
-8.1939
-8.5978
-9.0126
-9.4348
-9.86
-10.283
-10.698
-11.097
-11.473
-11.821
-12.131
-12.392
-12.596
-12.738
-12.812
-12.815
-12.748
-12.609
-12.399
-12.123
-11.786
-11.396
-10.962
-10.492
-9.9987
-9.4894
-8.9739
-8.4605
-7.9566
-7.4682
-7.0004
-6.5571
-6.1414
-5.7552
-5.3997
-5.0757
-4.7834
-4.5226
-4.2924
-4.0918
-3.9198
-3.7752
-3.657
-3.5638
-3.4945
-3.4475
-3.4212
-3.4156
-3.4303
-3.4653
-3.5201
-3.5944
-3.6877
-3.7993
-3.9286
-4.0754
-4.2411
-4.4263
-4.6315
-4.8571
-5.1037
-5.3716
-5.6613
-5.9725
-6.3052
-6.6605
-7.0386
-7.4391
-7.8608
-8.3017
-8.7589
-9.2289
-9.7071
-10.188
-10.667
-11.136
-11.586
-12.006
-12.389
-12.723
-12.999
-13.207
-13.341
-13.392
-13.356
-13.231
-13.02
-12.727
-12.361
-11.929
-11.441
-10.911
-10.348
-9.7649
-9.1724
-8.5807
-7.9993
-7.4354
-6.8952
-6.3836
-5.904
-5.4588
-5.0494
-4.6759
-4.3382
-4.0354
-3.7667
-3.5306
-3.3255
-3.1495
-3.0011
-2.879
-2.7817
-2.7075
-2.6549
-2.6222
-2.6082
-2.6123
-2.6343
-2.6736
-2.7299
-2.8029
-2.892
-2.997
-3.1184
-3.2568
-3.4127
-3.5867
-3.7796
-3.9921
-4.225
-4.479
-4.7553
-5.0552
-5.3798
-5.73
-6.1062
-6.5088
-6.9377
-7.3925
-7.8726
-8.3768
-8.9017
-9.4441
-9.9994
-10.561
-11.121
-11.67
-12.197
-12.69
-13.138
-13.524
-13.832
-14.051
-14.173
-14.192
-14.105
-13.909
-13.607
-13.208
-12.72
-12.157
-11.533
-10.867
-10.172
-9.4641
-8.7565
-8.061
-7.387
-6.742
-6.132
-5.5608
-5.0308
-4.5435
-4.0991
-3.6969
-3.3354
-3.0128
-2.7268
-2.4753
-2.2555
-2.065
-1.9017
-1.7634
-1.6479
-1.553
-1.4766
-1.4171
-1.3734
-1.3444
-1.3287
-1.3255
-1.3338
-1.3532
-1.3833
-1.4241
-1.4753
-1.5368
-1.6086
-1.6911
-1.7847
-1.8899
-2.0075
-2.1381
-2.2826
-2.442
-2.6176
-2.8105
-3.022
-3.2535
-3.5067
-3.7831
-4.0846
-4.4132
-4.7708
-5.1592
-5.5776
-6.0295
-6.5179
-7.0442
-7.6086
-8.2096
-8.8445
-9.5092
-10.198
-10.904
-11.618
-12.33
-13.021
-13.674
-14.268
-14.784
-15.199
-15.496
-15.656
-15.664
-15.514
-15.208
-14.757
-14.173
-13.472
-12.679
-11.815
-10.906
-9.9746
-9.0416
-8.1248
-7.2385
-6.3937
-5.5981
-4.8566
-4.1716
-3.5438
-2.9727
-2.456
-1.9908
-1.5736
-1.2007
-0.86838
-0.5725
-0.30883
-0.073295
0.13748
0.32678
0.49783
0.6538
0.79765
0.93168
1.0581
1.1791
1.2968
1.4132
1.5299
1.6482
1.7698
1.8962
2.029
2.1697
2.3195
2.4797
2.6515
2.8366
3.0366
3.2532
3.488
3.7423
4.0178
4.316
4.6386
4.9873
5.3641
5.7697
6.205
6.672
7.1715
7.7031
8.2653
8.8553
9.4694
10.102
10.748
11.398
12.04
12.661
13.245
13.776
14.236
14.609
14.878
15.025
15.041
14.922
14.669
14.288
13.789
13.185
12.495
11.738
10.935
10.106
9.2686
8.4399
7.6329
6.8583
6.1238
5.435
4.7951
4.2058
3.6673
3.1787
2.7379
2.3423
1.9891
1.675
1.3969
1.1511
0.93431
0.74361
0.57613
0.42902
0.29948
0.18496
0.083548
-0.0065824
-0.087233
-0.16018
-0.22705
-0.28899
-0.34712
-0.40255
-0.45632
-0.50937
-0.56245
-0.6163
-0.67171
-0.72948
-0.79037
-0.85499
-0.92399
-0.99808
-1.0781
-1.1649
-1.2594
-1.3624
-1.4748
-1.5976
-1.7319
-1.8791
-2.0406
-2.2179
-2.4126
-2.6262
-2.8606
-3.1175
-3.3992
-3.7079
-4.0463
-4.4168
-4.8208
-5.2618
-5.7427
-6.2657
-6.8322
-7.4424
-8.096
-8.7916
-9.5269
-10.298
-11.095
-11.909
-12.725
-13.525
-14.286
-14.985
-15.596
-16.086
-16.428
-16.603
-16.597
-16.404
-16.022
-15.463
-14.743
-13.888
-12.929
-11.897
-10.823
-9.7355
-8.6579
-7.6099
-6.6067
-5.6591
-4.7745
-3.9568
-3.2075
-2.5254
-1.9073
-1.3499
-0.84908
-0.40045
0.0010972
0.36138
0.68494
0.97608
1.2392
1.4788
1.6996
1.9059
2.1008
2.2868
2.4669
2.6439
2.8206
2.9996
3.1828
3.3717
3.5683
3.7745
3.9921
4.2232
4.469
4.7308
5.0096
5.3067
5.6231
5.9599
6.3181
6.6973
7.098
7.5198
7.9616
8.4216
8.897
9.384
9.8783
10.374
10.866
11.345
11.801
12.224
12.604
12.932
13.195
13.387
13.497
13.52
13.45
13.289
13.039
12.709
12.305
11.836
11.314
10.752
10.161
9.5541
8.942
8.3354
7.7428
7.1714
6.6271
6.1142
5.6357
5.1934
4.788
4.4195
4.0874
3.7909
3.5286
3.2988
3.0996
2.9294
2.7866
2.6694
2.576
2.5046
2.4535
2.4218
2.4088
2.4138
2.436
2.4747
2.5291
2.5986
2.6835
2.7841
2.9008
3.0339
3.1838
3.3511
3.5364
3.7406
3.9649
4.2102
4.4778
4.7687
5.0839
5.4243
5.7912
6.1851
6.6061
7.0549
7.5316
8.0353
8.5636
9.1133
9.68
10.258
10.841
11.42
11.983
12.52
13.015
13.456
13.828
14.119
14.314
14.401
14.374
14.23
13.973
13.61
13.148
12.601
11.983
11.31
10.598
9.8652
9.1257
8.3932
7.6789
6.992
6.3395
5.7263
5.1557
4.6291
4.147
3.7092
3.3145
2.9608
2.646
2.3675
2.1228
1.9091
1.7236
1.5639
1.4279
1.3132
1.2179
1.1398
1.0769
1.0281
0.99222
0.96805
0.95453
0.95074
0.95615
0.97037
0.99306
1.0239
1.0627
1.1092
1.1639
1.2268
1.2984
1.379
1.4691
1.5693
1.6804
1.8031
1.9385
2.0876
2.2515
2.4316
2.6294
2.8465
3.0846
3.3457
3.6318
3.9447
4.2866
4.6593
5.0649
5.5053
5.9824
6.4984
7.055
7.6532
8.2903
8.9659
9.6769
10.417
11.179
11.949
12.713
13.457
14.157
14.79
15.331
15.758
16.047
16.182
16.148
15.938
15.554
15.008
14.321
13.517
12.618
11.655
10.652
9.6363
8.6287
7.6475
6.7071
5.8176
4.9859
4.2157
3.508
2.8627
2.278
1.7507
1.2768
0.85211
0.4724
0.13314
-0.17037
-0.44298
-0.689
-0.91199
-1.1155
-1.303
-1.4781
-1.6439
-1.8031
-1.9578
-2.1104
-2.2632
-2.4184
-2.5782
-2.744
-2.9173
-3.0999
-3.2935
-3.4999
-3.7209
-3.9579
-4.2121
-4.4848
-4.7776
-5.0918
-5.4289
-5.7901
-6.1757
-6.5869
-7.024
-7.4867
-7.9736
-8.4829
-9.0115
-9.5558
-10.111
-10.671
-11.227
-11.768
-12.285
-12.765
-13.194
-13.56
-13.851
-14.052
-14.153
-14.147
-14.033
-13.813
-13.491
-13.073
-12.572
-11.999
-11.371
-10.701
-10.008
-9.3036
-8.6024
-7.9152
-7.2512
-6.6175
-6.0195
-5.4607
-4.9432
-4.468
-4.0354
-3.6445
-3.2937
-2.9811
-2.7046
-2.4619
-2.2504
-2.0676
-1.9113
-1.7795
-1.6701
-1.581
-1.5102
-1.4561
-1.4176
-1.3936
-1.3831
-1.385
-1.3986
-1.4233
-1.459
-1.5055
-1.5628
-1.6309
-1.7097
-1.7996
-1.9012
-2.0151
-2.1419
-2.2826
-2.438
-2.6092
-2.7974
-3.0041
-3.2306
-3.4784
-3.7491
-4.0441
-4.3653
-4.7145
-5.0936
-5.5046
-5.9497
-6.429
-6.9434
-7.4942
-8.081
-8.7017
-9.3528
-10.029
-10.724
-11.428
-12.131
-12.817
-13.469
-14.068
-14.595
-15.029
-15.351
-15.541
-15.583
-15.473
-15.21
-14.804
-14.261
-13.6
-12.841
-12.008
-11.122
-10.209
-9.2891
-8.3804
-7.4981
-6.6536
-5.8553
-5.1088
-4.4173
-3.7821
-3.203
-2.6782
-2.2051
-1.7803
-1.4004
-1.0618
-0.76035
-0.49204
-0.25301
-0.039849
0.15083
0.32232
0.47785
0.62006
0.75131
0.87393
0.99018
1.1022
1.2117
1.3202
1.4293
1.5405
1.6555
1.7757
1.9022
2.0362
2.179
2.3321
2.4971
2.6754
2.8684
3.0774
3.3039
3.5495
3.8159
4.1053
4.4192
4.7594
5.1276
5.5256
5.9544
6.4152
6.9084
7.4342
7.9927
8.5814
9.1976
9.8379
10.496
11.164
11.831
12.484
13.106
13.683
14.195
14.621
14.944
15.15
15.226
15.165
14.962
14.62
14.148
13.559
12.875
12.114
11.298
10.449
9.5868
8.7274
7.8861
7.0752
6.3036
5.5779
4.9023
4.279
3.7085
3.1897
2.7206
2.299
1.9219
1.5855
1.2862
1.021
0.78677
0.58032
0.39822
0.23693
0.092953
-0.035752
-0.15123
-0.25561
-0.35096
-0.43923
-0.52194
-0.6005
-0.67629
-0.75066
-0.82486
-0.89988
-0.97665
-1.0562
-1.1396
-1.2278
-1.322
-1.4228
-1.5312
-1.6483
-1.7752
-1.9133
-2.0639
-2.2281
-2.4072
-2.6026
-2.816
-3.0491
-3.304
-3.5827
-3.887
-4.2193
-4.5815
-4.9758
-5.404
-5.8679
-6.3692
-6.9094
-7.489
-8.1067
-8.7624
-9.4535
-10.175
-10.919
-11.674
-12.428
-13.166
-13.867
-14.509
-15.069
-15.523
-15.85
-16.031
-16.052
-15.902
-15.581
-15.097
-14.469
-13.719
-12.868
-11.944
-10.973
-9.9796
-8.9868
-8.0137
-7.0753
-6.1832
-5.3453
-4.5663
-3.8482
-3.1914
-2.5947
-2.0556
-1.5704
-1.1353
-0.74612
-0.39854
-0.088124
0.18981
0.4398
0.66548
0.87029
1.0577
1.2311
1.3938
1.5485
1.6975
1.843
1.9872
2.1324
2.2808
2.4339
2.5932
2.7603
2.9369
3.1248
3.3259
3.5416
3.773
4.0217
4.2891
4.5768
4.8866
5.2198
5.5775
5.9609
6.3709
6.8079
7.2716
7.7611
8.2753
8.812
9.3681
9.9385
10.517
11.096
11.666
12.215
12.731
13.201
13.612
13.946
14.189
14.331
14.363
14.284
14.093
13.791
13.386
12.888
12.31
11.668
10.98
10.262
9.5289
8.7963
8.076
7.3781
6.7104
6.0791
5.4882
4.9401
4.4363
3.9769
3.561
3.187
2.853
2.5565
2.2951
2.0661
1.8668
1.6949
1.5479
1.4233
1.3189
1.233
1.1637
1.1097
1.0691
1.0409
1.0242
1.0181
1.0219
1.0351
1.057
1.0874
1.1263
1.1737
1.2296
1.2943
1.3678
1.4506
1.5433
1.6465
1.7611
1.8877
2.0274
2.1812
2.3506
2.537
2.7415
2.9657
3.2109
3.4791
3.7722
4.0921
4.4413
4.8221
5.2372
5.6866
6.1712
6.6949
7.2599
7.8666
8.5133
9.1969
9.912
10.652
11.407
12.167
12.918
13.639
14.31
14.906
15.406
15.785
16.025
16.105
16.014
15.75
15.319
14.739
14.025
13.2
12.292
11.328
10.332
9.33
8.3418
7.3842
6.4698
5.6078
4.804
4.0612
3.3802
2.7602
2.1993
1.6939
1.2401
0.83383
0.47086
0.1467
-0.1433
-0.40388
-0.63896
-0.85203
-1.0466
-1.226
-1.3938
-1.5529
-1.7056
-1.8542
-2.001
-2.1482
-2.2981
-2.4525
-2.6127
-2.7805
-2.9574
-3.1453
-3.3461
-3.5612
-3.792
-4.0399
-4.3062
-4.5925
-4.9004
-5.2316
-5.5868
-5.9673
-6.3742
-6.8077
-7.2676
-7.7532
-8.2628
-8.7945
-9.3452
-9.9101
-10.483
-11.056
-11.62
-12.164
-12.675
-13.141
-13.548
-13.882
-14.126
-14.27
-14.306
-14.232
-14.048
-13.754
-13.358
-12.871
-12.304
-11.673
-10.995
-10.287
-9.563
-8.8385
-8.1253
-7.4336
-6.7711
-6.1442
-5.5569
-5.0117
-4.5101
-4.0524
-3.6379
-3.2651
-2.9319
-2.6362
-2.3756
-2.1473
-1.9489
-1.7779
-1.6321
-1.5089
-1.4061
-1.322
-1.2548
-1.2032
-1.1657
-1.1408
-1.1277
-1.1256
-1.1341
-1.1524
-1.1802
-1.2171
-1.2629
-1.3179
-1.3823
-1.4562
-1.5399
-1.634
-1.7389
-1.8555
-1.9846
-2.1271
-2.2841
-2.4567
-2.6463
-2.8544
-3.0827
-3.3332
-3.6074
-3.9072
-4.2342
-4.5901
-4.9767
-5.3956
-5.8486
-6.3373
-6.8634
-7.4286
-8.0347
-8.6789
-9.3561
-10.063
-10.792
-11.535
-12.278
-13.006
-13.699
-14.338
-14.9
-15.36
-15.696
-15.892
-15.934
-15.812
-15.524
-15.076
-14.481
-13.761
-12.941
-12.044
-11.097
-10.126
-9.1521
-8.1935
-7.2664
-6.3823
-5.5496
-4.7737
-4.0577
-3.4019
-2.8049
-2.2646
-1.7782
-1.342
-0.9515
-0.60237
-0.29076
-0.012722
0.2358
0.459
0.66119
0.84608
1.0163
1.1744
1.3232
1.4653
1.6034
1.7397
1.8758
2.0134
2.1544
2.3007
2.454
2.616
2.7878
2.9709
3.1668
3.3772
3.604
3.8487
4.1127
4.3974
4.7043
5.0348
5.3902
5.772
6.1814
6.6177
7.0821
7.5753
8.0965
8.6437
9.2133
9.8004
10.399
11.001
11.597
12.178
12.729
13.235
13.68
14.052
14.334
14.515
14.584
14.534
14.361
14.068
13.663
13.161
12.572
11.914
11.204
10.459
9.6972
8.932
8.1779
7.446
6.745
6.0816
5.4604
4.8844
4.3547
3.8711
3.4328
3.0383
2.6853
2.3712
2.0933
1.849
1.6355
1.4499
1.2893
1.1511
1.0331
0.93328
0.84965
0.78032
0.72381
0.67877
0.64396
0.61825
0.60076
0.59082
0.58782
0.59121
0.6005
0.61542
0.63588
0.66179
0.69311
0.72985
0.7721
0.82011
0.87423
0.93482
1.0023
1.0773
1.1602
1.252
1.3534
1.4651
1.5881
1.7234
1.8722
2.036
2.2162
2.4146
2.6331
