0
0.095123
0.18278
0.26599
0.34733
0.42914
0.51339
0.60197
0.69678
0.7996
0.91212
1.0362
1.1737
1.3271
1.4983
1.6898
1.9041
2.1444
2.4138
2.7159
3.0545
3.4339
3.8587
4.3337
4.8637
5.4539
6.1092
6.8313
7.6269
8.5016
9.4563
10.487
11.585
12.736
13.922
15.117
16.28
17.366
18.322
19.09
19.615
19.844
19.745
19.309
18.553
17.505
16.213
14.737
13.142
11.487
9.8275
8.2043
6.6499
5.1861
3.8261
2.5774
1.4414
0.41531
-0.50635
-1.3302
-2.0637
-2.7149
-3.2927
-3.8055
-4.2598
-4.6623
-5.0196
-5.3381
-5.6243
-5.8829
-6.1176
-6.3315
-6.528
-6.7103
-6.8813
-7.0435
-7.1983
-7.3467
-7.4896
-7.628
-7.7626
-7.8944
-8.0237
-8.1507
-8.2747
-8.3954
-8.5122
-8.6248
-8.7326
-8.8352
-8.9321
-9.0228
-9.1062
-9.1814
-9.2473
-9.3032
-9.3486
-9.3831
-9.4062
-9.418
-9.4185
-9.4077
-9.3857
-9.3525
-9.3087
-9.2546
-9.1912
-9.119
-9.0391
-8.9526
-8.8607
-8.7647
-8.6659
-8.5652
-8.4637
-8.3627
-8.2631
-8.166
-8.0724
-7.9832
-7.8992
-7.8213
-7.75
-7.6863
-7.6306
-7.5835
-7.5448
-7.5148
-7.4938
-7.4819
-7.4792
-7.4857
-7.5013
-7.5258
-7.559
-7.6006
-7.65
-7.7064
-7.7699
-7.8401
-7.9167
-7.9994
-8.0874
-8.1803
-8.2771
-8.3769
-8.4787
-8.5814
-8.6837
-8.7842
-8.8815
-8.9758
-9.066
-9.1506
-9.2283
-9.298
-9.3588
-9.4097
-9.4501
-9.4795
-9.4975
-9.5039
-9.4986
-9.4818
-9.4534
-9.4135
-9.3625
-9.3012
-9.2302
-9.1505
-9.0629
-8.9686
-8.8687
-8.7645
-8.6574
-8.549
-8.4402
-8.3322
-8.2262
-8.1233
-8.0243
-7.9304
-7.8423
-7.7608
-7.6866
-7.6205
-7.5629
-7.5144
-7.4753
-7.4456
-7.4253
-7.4146
-7.4135
-7.422
-7.4401
-7.4677
-7.5044
-7.55
-7.604
-7.6659
-7.7348
-7.8105
-7.8927
-7.9809
-8.0746
-8.1731
-8.2757
-8.3814
-8.4893
-8.5983
-8.707
-8.8142
-8.9183
-9.0178
-9.1128
-9.2021
-9.2842
-9.3578
-9.4218
-9.4751
-9.5169
-9.5468
-9.5642
-9.569
-9.5613
-9.541
-9.5087
-9.4642
-9.4079
-9.3406
-9.2632
-9.1766
-9.0819
-8.9802
-8.8729
-8.7612
-8.6467
-8.5308
-8.415
-8.3002
-8.1879
-8.079
-7.9747
-7.876
-7.7836
-7.6986
-7.6214
-7.5529
-7.4935
-7.4437
-7.4039
-7.3737
-7.3536
-7.3436
-7.3437
-7.3541
-7.3745
-7.4048
-7.4448
-7.4939
-7.5519
-7.618
-7.6915
-7.7722
-7.8599
-7.954
-8.0539
-8.1591
-8.2685
-8.3812
-8.4962
-8.6122
-8.7277
-8.8414
-8.9516
-9.0574
-9.1587
-9.2536
-9.3406
-9.4184
-9.4857
-9.5416
-9.5853
-9.6162
-9.6339
-9.6381
-9.6289
-9.6065
-9.5708
-9.522
-9.4606
-9.3875
-9.3037
-9.2101
-9.1079
-8.9985
-8.8831
-8.7634
-8.641
-8.5175
-8.394
-8.272
-8.1527
-8.0374
-7.9271
-7.8228
-7.7255
-7.6361
-7.5553
-7.4837
-7.4219
-7.3704
-7.3291
-7.2982
-7.2779
-7.2684
-7.2696
-7.2815
-7.304
-7.3368
-7.3797
-7.4322
-7.4937
-7.5635
-7.6414
-7.7272
-7.8205
-7.9208
-8.0275
-8.1397
-8.2565
-8.3767
-8.4992
-8.6226
-8.7453
-8.8656
-8.9825
-9.0959
-9.2039
-9.305
-9.3974
-9.4798
-9.5511
-9.6103
-9.6565
-9.6892
-9.7078
-9.7121
-9.7021
-9.6777
-9.6388
-9.5858
-9.5195
-9.4406
-9.3501
-9.2492
-9.1392
-9.0216
-8.8978
-8.7697
-8.6391
-8.5073
-8.3757
-8.2459
-8.1191
-7.9967
-7.8797
-7.7694
-7.6666
-7.5722
-7.4872
-7.412
-7.3474
-7.2936
-7.2506
-7.2186
-7.1979
-7.1884
-7.1903
-7.2035
-7.2277
-7.2628
-7.3084
-7.3639
-7.4284
-7.502
-7.5844
-7.6755
-7.7747
-7.8814
-7.9951
-8.1146
-8.239
-8.367
-8.4973
-8.6282
-8.7582
-8.8857
-9.011
-9.1321
-9.2474
-9.355
-9.4535
-9.5414
-9.6175
-9.6809
-9.7306
-9.7659
-9.7862
-9.7913
-9.7808
-9.7545
-9.7126
-9.6556
-9.5843
-9.4994
-9.4021
-9.2937
-9.1755
-9.0493
-8.9168
-8.7801
-8.6407
-8.5
-8.3598
-8.2215
-8.0866
-7.9565
-7.8325
-7.7155
-7.6068
-7.5071
-7.4174
-7.3384
-7.2703
-7.2134
-7.168
-7.1343
-7.1125
-7.1026
-7.1047
-7.1185
-7.144
-7.1808
-7.2282
-7.2855
-7.3527
-7.43
-7.517
-7.6134
-7.7188
-7.8324
-7.9533
-8.0806
-8.2129
-8.349
-8.4872
-8.6258
-8.7633
-8.8998
-9.0336
-9.1628
-9.2857
-9.4007
-9.5061
-9.6007
-9.6831
-9.7521
-9.8068
-9.8461
-9.8693
-9.8758
-9.8653
-9.8378
-9.7935
-9.7328
-9.6563
-9.5652
-9.4606
-9.3442
-9.2176
-9.083
-8.9419
-8.7959
-8.647
-8.4968
-8.3473
-8.2
-8.0565
-7.9181
-7.7863
-7.6622
-7.5468
-7.4414
-7.3464
-7.2624
-7.1899
-7.1293
-7.0809
-7.0449
-7.0214
-7.0105
-7.0122
-7.0261
-7.0518
-7.0886
-7.1368
-7.1964
-7.2674
-7.3495
-7.4423
-7.5452
-7.6575
-7.7782
-7.9063
-8.0406
-8.1795
-8.3217
-8.4663
-8.6127
-8.7594
-8.9048
-9.0472
-9.1851
-9.3167
-9.4405
-9.5549
-9.6582
-9.7489
-9.8252
-9.8859
-9.9306
-9.9579
-9.9671
-9.9576
-9.9293
-9.8826
-9.8179
-9.7364
-9.6395
-9.5288
-9.4059
-9.2718
-9.1285
-8.9782
-8.8227
-8.6641
-8.5041
-8.3447
-8.1875
-8.0342
-7.8866
-7.7459
-7.6136
-7.4905
-7.3775
-7.2756
-7.1853
-7.1071
-7.0416
-6.9891
-6.9497
-6.9233
-6.9098
-6.9094
-6.922
-6.9476
-6.986
-7.037
-7.1001
-7.175
-7.261
-7.3574
-7.4634
-7.5784
-7.7018
-7.8332
-7.9717
-8.1165
-8.2665
-8.4205
-8.5769
-8.7343
-8.8909
-9.0447
-9.1937
-9.3365
-9.4723
-9.5987
-9.7132
-9.8141
-9.8994
-9.9679
-10.019
-10.05
-10.063
-10.057
-10.031
-9.9862
-9.9222
-9.84
-9.7406
-9.6255
-9.4963
-9.3547
-9.2027
-9.0424
-8.8761
-8.7063
-8.5349
-8.3638
-8.195
-8.0304
-7.8715
-7.7199
-7.577
-7.4439
-7.3217
-7.2112
-7.1133
-7.0282
-6.9562
-6.8978
-6.853
-6.822
-6.805
-6.8018
-6.8123
-6.8363
-6.8734
-6.9231
-6.9852
-7.0598
-7.1465
-7.245
-7.3546
-7.4747
-7.6045
-7.7429
-7.8888
-8.0411
-8.1985
-8.3603
-8.5251
-8.6914
-8.8574
-9.0215
-9.182
-9.337
-9.4845
-9.6224
-9.7486
-9.8611
-9.9586
-10.04
-10.102
-10.145
-10.166
-10.166
-10.144
-10.1
-10.036
-9.9523
-9.8506
-9.7316
-9.5968
-9.4484
-9.2887
-9.1199
-8.944
-8.7635
-8.5806
-8.3975
-8.2166
-8.0398
-7.8689
-7.7055
-7.551
-7.4066
-7.2735
-7.1527
-7.0448
-6.9505
-6.8702
-6.8041
-6.7523
-6.7149
-6.6922
-6.6841
-6.6904
-6.7111
-6.7458
-6.7942
-6.8559
-6.9296
-7.0154
-7.1132
-7.2229
-7.3443
-7.4768
-7.6197
-7.772
-7.9325
-8.0998
-8.2724
-8.4485
-8.6259
-8.8033
-8.9803
-9.1544
-9.3235
-9.4851
-9.6371
-9.7775
-9.9042
-10.015
-10.109
-10.184
-10.239
-10.271
-10.282
-10.269
-10.233
-10.174
-10.092
-9.9895
-9.8671
-9.7271
-9.5719
-9.4041
-9.2255
-9.0384
-8.8459
-8.6503
-8.4541
-8.2596
-8.0689
-7.8839
-7.7065
-7.5383
-7.3808
-7.2351
-7.1022
-6.9827
-6.8774
-6.7867
-6.7109
-6.6504
-6.6052
-6.5754
-6.5608
-6.5608
-6.5756
-6.6054
-6.65
-6.7091
-6.7826
-6.8699
-6.9704
-7.0835
-7.2082
-7.3437
-7.4892
-7.6441
-7.8077
-7.9792
-8.1574
-8.3411
-8.5286
-8.7184
-8.9084
-9.0965
-9.2804
-9.4574
-9.6268
-9.7861
-9.9321
-10.062
-10.173
-10.264
-10.333
-10.379
-10.401
-10.398
-10.371
-10.32
-10.245
-10.146
-10.026
-9.8851
-9.7267
-9.5527
-9.3657
-9.1683
-8.9638
-8.7549
-8.5443
-8.3344
-8.1278
-7.9267
-7.733
-7.5486
-7.3751
-7.2138
-7.0658
-6.9321
-6.8131
-6.7094
-6.6212
-6.549
-6.4928
-6.4527
-6.4288
-6.4208
-6.4285
-6.4507
-6.4875
-6.5393
-6.6062
-6.6882
-6.7849
-6.8961
-7.0211
-7.159
-7.3088
-7.4695
-7.6396
-7.8175
-8.0022
-8.1936
-8.39
-8.5901
-8.792
-8.9937
-9.1932
-9.388
-9.5759
-9.754
-9.9196
-10.07
-10.204
-10.319
-10.412
-10.48
-10.522
-10.537
-10.524
-10.484
-10.418
-10.328
-10.213
-10.074
-9.9154
-9.7382
-9.5455
-9.3402
-9.1251
-8.9033
-8.6779
-8.4519
-8.2281
-8.009
-7.7968
-7.5936
-7.401
-7.2208
-7.0541
-6.9021
-6.7656
-6.6452
-6.5411
-6.4536
-6.3829
-6.3292
-6.2924
-6.2725
-6.2693
-6.2825
-6.3116
-6.3564
-6.4167
-6.4925
-6.5835
-6.6895
-6.8098
-6.9438
-7.0908
-7.2499
-7.42
-7.6002
-7.7898
-7.9878
-8.1929
-8.4037
-8.6185
-8.8352
-9.0517
-9.2656
-9.4741
-9.6744
-9.8651
-10.043
-10.205
-10.347
-10.466
-10.561
-10.629
-10.669
-10.681
-10.663
-10.617
-10.543
-10.44
-10.311
-10.157
-9.9814
-9.7861
-9.5743
-9.3494
-9.115
-8.8747
-8.6315
-8.3885
-8.1488
-7.9149
-7.6893
-7.4741
-7.271
-7.0817
-6.9074
-6.749
-6.6072
-6.4824
-6.375
-6.2854
-6.2135
-6.1595
-6.1233
-6.1047
-6.1027
-6.1173
-6.1488
-6.1971
-6.2623
-6.3441
-6.4422
-6.5561
-6.685
-6.8282
-6.9846
-7.1532
-7.333
-7.5237
-7.7249
-7.9353
-8.1538
-8.3788
-8.6085
-8.8407
-9.073
-9.3029
-9.5272
-9.7435
-9.9494
-10.141
-10.315
-10.468
-10.598
-10.701
-10.777
-10.823
-10.837
-10.82
-10.77
-10.688
-10.575
-10.433
-10.264
-10.071
-9.8579
-9.6279
-9.384
-9.1303
-8.8706
-8.6087
-8.3478
-8.0909
-7.8409
-7.6003
-7.3711
-7.1554
-6.9547
-6.7702
-6.6027
-6.4529
-6.3213
-6.2083
-6.1142
-6.039
-5.9825
-5.9441
-5.9241
-5.9224
-5.9388
-5.973
-6.0249
-6.094
-6.1798
-6.2816
-6.3989
-6.5309
-6.6776
-6.8389
-7.0143
-7.2034
-7.4053
-7.6188
-7.8428
-8.0755
-8.3152
-8.5598
-8.8075
-9.0565
-9.3037
-9.5463
-9.781
-10.005
-10.214
-10.406
-10.577
-10.724
-10.843
-10.933
-10.99
-11.012
-10.998
-10.949
-10.864
-10.745
-10.596
-10.418
-10.213
-9.9854
-9.7389
-9.4773
-9.2048
-8.9252
-8.6424
-8.3604
-8.0828
-7.8126
-7.5524
-7.3046
-7.0711
-6.8537
-6.6537
-6.4721
-6.3097
-6.1666
-6.0432
-5.9395
-5.8557
-5.7915
-5.7469
-5.7216
-5.7153
-5.7272
-5.7572
-5.8053
-5.8714
-5.9551
-6.0563
-6.1745
-6.3092
-6.4597
-6.6252
-6.8051
-6.9991
-7.2068
-7.4275
-7.6602
-7.9036
-8.1561
-8.4159
-8.6808
-8.9483
-9.2158
-9.4811
-9.7403
-9.9899
-10.226
-10.445
-10.643
-10.816
-10.961
-11.075
-11.156
-11.2
-11.205
-11.17
-11.097
-10.984
-10.836
-10.654
-10.443
-10.205
-9.9443
-9.6657
-9.3737
-9.0729
-8.7674
-8.4613
-8.1585
-7.8628
-7.5774
-7.3048
-7.0472
-6.8063
-6.5838
-6.3807
-6.1979
-6.0359
-5.8948
-5.7747
-5.6755
-5.5971
-5.5393
-5.5018
-5.4843
-5.4863
-5.5073
-5.5467
-5.6047
-5.681
-5.7756
-5.8881
-6.0182
-6.1654
-6.3291
-6.5085
-6.7032
-6.9127
-7.1368
-7.3747
-7.6255
-7.8878
-8.1599
-8.4399
-8.7255
-9.0141
-9.3031
-9.5896
-9.8695
-10.139
-10.393
-10.629
-10.842
-11.027
-11.181
-11.301
-11.383
-11.423
-11.421
-11.375
-11.285
-11.153
-10.983
-10.777
-10.538
-10.271
-9.9809
-9.6724
-9.3506
-9.0205
-8.6868
-8.3543
-8.0273
-7.7095
-7.404
-7.1135
-6.8402
-6.5859
-6.3521
-6.1398
-5.9494
-5.7812
-5.6354
-5.5117
-5.4101
-5.3303
-5.2721
-5.2349
-5.2181
-5.2212
-5.244
-5.2864
-5.3482
-5.4292
-5.5289
-5.6469
-5.7828
-5.9358
-6.1057
-6.2926
-6.4963
-6.7166
-6.9529
-7.2044
-7.47
-7.7483
-8.0379
-8.3368
-8.6433
-8.9548
-9.2682
-9.5802
-9.8871
-10.185
-10.468
-10.733
-10.975
-11.189
-11.37
-11.513
-11.613
-11.668
-11.675
-11.635
-11.547
-11.414
-11.237
-11.018
-10.762
-10.474
-10.158
-9.8217
-9.4694
-9.1079
-8.7424
-8.3782
-8.0201
-7.672
-7.3376
-7.0199
-6.7212
-6.4434
-6.1878
-5.9551
-5.7459
-5.5604
-5.3988
-5.261
-5.1467
-5.0552
-4.9857
-4.9382
-4.9123
-4.9078
-4.9241
-4.9609
-5.0176
-5.0936
-5.1882
-5.3008
-5.4316
-5.581
-5.7489
-5.9353
-6.14
-6.3626
-6.6025
-6.859
-7.1313
-7.4183
-7.7188
-8.0321
-8.3564
-8.6897
-9.0293
-9.3717
-9.7132
-10.049
-10.375
-10.684
-10.974
-11.237
-11.467
-11.658
-11.807
-11.908
-11.96
-11.959
-11.904
-11.795
-11.635
-11.424
-11.168
-10.872
-10.541
-10.184
-9.8045
-9.4113
-9.0106
-8.6086
-8.2109
-7.8221
-7.4465
-7.0876
-6.7486
-6.4314
-6.1377
-5.8685
-5.6247
-5.4068
-5.2147
-5.0481
-4.9065
-4.7894
-4.6963
-4.6266
-4.5797
-4.5549
-4.5513
-4.568
-4.6039
-4.6594
-4.7347
-4.8302
-4.9458
-5.0815
-5.2369
-5.4117
-5.6053
-5.817
-6.0459
-6.2925
-6.5574
-6.8406
-7.1413
-7.4588
-7.7917
-8.1381
-8.4959
-8.8625
-9.2351
-9.6099
-9.9824
-10.347
-10.699
-11.033
-11.341
-11.617
-11.855
-12.049
-12.193
-12.28
-12.307
-12.273
-12.178
-12.024
-11.813
-11.548
-11.236
-10.883
-10.496
-10.082
-9.6498
-9.2067
-8.7601
-8.3166
-7.882
-7.4615
-7.0591
-6.6784
-6.3217
-5.9911
-5.6875
-5.4114
-5.1633
-4.943
-4.7503
-4.5847
-4.445
-4.3305
-4.2406
-4.1746
-4.1317
-4.1112
-4.1122
-4.1338
-4.1751
-4.2356
-4.3154
-4.4148
-4.5338
-4.6725
-4.8307
-5.0085
-5.2056
-5.4219
-5.6573
-5.9124
-6.1877
-6.4831
-6.7983
-7.1327
-7.4851
-7.8542
-8.2383
-8.6353
-9.0423
-9.4557
-9.871
-10.283
-10.686
-11.074
-11.438
-11.772
-12.069
-12.319
-12.515
-12.648
-12.715
-12.713
-12.642
-12.502
-12.293
-12.021
-11.69
-11.309
-10.884
-10.427
-9.9453
-9.4491
-8.947
-8.447
-7.9562
-7.4805
-7.0247
-6.5928
-6.1877
-5.8114
-5.465
-5.1492
-4.8645
-4.6105
-4.3866
-4.1918
-4.0252
-3.8856
-3.7721
-3.6836
-3.6187
-3.5764
-3.5551
-3.554
-3.5731
-3.6124
-3.6716
-3.7505
-3.8487
-3.9658
-4.1012
-4.2544
-4.4263
-4.6177
-4.8293
-5.0615
-5.3146
-5.5891
-5.8852
-6.203
-6.5415
-6.9007
-7.2813
-7.6829
-8.1044
-8.5436
-8.9973
-9.4614
-9.9309
-10.4
-10.861
-11.307
-11.73
-12.121
-12.467
-12.762
-12.994
-13.158
-13.245
-13.252
-13.175
-13.014
-12.77
-12.45
-12.062
-11.617
-11.123
-10.591
-10.035
-9.4645
-8.8902
-8.3206
-7.7637
-7.2266
-6.7145
-6.2313
-5.7799
-5.3623
-4.9797
-4.6323
-4.3196
-4.0406
-3.7943
-3.5793
-3.3943
-3.2375
-3.1072
-3.0019
-2.9204
-2.8616
-2.8241
-2.8069
-2.8086
-2.8282
-2.8655
-2.9202
-2.9923
-3.0815
-3.1879
-3.3113
-3.4518
-3.6102
-3.7871
-3.9832
-4.1993
-4.4362
-4.6946
-4.9754
-5.279
-5.6056
-5.9568
-6.334
-6.7376
-7.1673
-7.6221
-8.1004
-8.5996
-9.1165
-9.6472
-10.187
-10.729
-11.265
-11.785
-12.278
-12.732
-13.135
-13.475
-13.74
-13.917
-13.997
-13.974
-13.847
-13.618
-13.294
-12.879
-12.385
-11.825
-11.214
-10.565
-9.8931
-9.2127
-8.5358
-7.8729
-7.2327
-6.622
-6.0458
-5.5077
-5.0094
-4.552
-4.1355
-3.7595
-3.4224
-3.1225
-2.8578
-2.626
-2.425
-2.2524
-2.1057
-1.9831
-1.883
-1.8037
-1.7434
-1.7004
-1.673
-1.6605
-1.6622
-1.6775
-1.7059
-1.7467
-1.7997
-1.8646
-1.9418
-2.0315
-2.1341
-2.25
-2.3799
-2.5242
-2.6841
-2.8605
-3.0545
-3.2673
-3.5004
-3.755
-4.0328
-4.3354
-4.6641
-5.0203
-5.4064
-5.8239
-6.2741
-6.7575
-7.274
-7.8228
-8.4027
-9.0117
-9.6465
-10.301
-10.967
-11.636
-12.295
-12.929
-13.522
-14.058
-14.516
-14.875
-15.118
-15.233
-15.212
-15.052
-14.752
-14.32
-13.767
-13.109
-12.368
-11.564
-10.72
-9.8566
-8.9916
-8.1411
-7.3176
-6.5312
-5.7891
-5.096
-4.4548
-3.8665
-3.3307
-2.8456
-2.4087
-2.0172
-1.6679
-1.3574
-1.0818
-0.8377
-0.62196
-0.43128
-0.26244
-0.11223
0.021891
0.14209
0.25051
0.34928
0.44054
0.52602
0.60708
0.68506
0.76134
0.83721
0.91383
0.99211
1.073
1.1576
1.247
1.3423
1.4443
1.5539
1.6722
1.8003
1.9395
2.0911
2.2566
2.4371
2.634
2.8489
3.0836
3.3399
3.6199
3.9258
4.2593
4.6229
5.0187
5.4486
5.9144
6.4172
6.9583
7.5384
8.1571
8.8117
9.5004
10.219
10.959
11.711
12.461
13.191
13.884
14.518
15.068
15.51
15.824
15.991
16
15.841
15.514
15.025
14.393
13.64
12.788
11.866
10.9
9.9136
8.9292
7.965
7.036
6.1531
5.324
4.5537
3.8444
3.1959
2.6065
2.0738
1.5948
1.1655
0.78118
0.43764
0.13093
-0.14303
-0.38845
-0.60968
-0.81108
-0.99578
-1.1665
-1.326
-1.4771
-1.6226
-1.7651
-1.9064
-2.0483
-2.1926
-2.3413
-2.4963
-2.6593
-2.8318
-3.0151
-3.2106
-3.42
-3.6451
-3.8876
-4.149
-4.4307
-4.734
-5.0603
-5.4108
-5.7867
-6.1894
-6.6191
-7.0749
-7.558
-8.0682
-8.6037
-9.1613
-9.7364
-10.323
-10.913
-11.497
-12.065
-12.606
-13.103
-13.542
-13.91
-14.192
-14.376
-14.453
-14.415
-14.26
-13.988
-13.605
-13.125
-12.561
-11.926
-11.239
-10.517
-9.7756
-9.0298
-8.2923
-7.5745
-6.8856
-6.2321
-5.6187
-5.0488
-4.524
-4.0443
-3.6091
-3.2169
-2.8658
-2.5536
-2.2774
-2.0347
-1.8229
-1.6392
-1.481
-1.3457
-1.2313
-1.1358
-1.0572
-0.9937
-0.94374
-0.90614
-0.87983
-0.8638
-0.85713
-0.85906
-0.8692
-0.88724
-0.91292
-0.94599
-0.98628
-1.0339
-1.089
-1.1519
-1.223
-1.3027
-1.3915
-1.4901
-1.5992
-1.7197
-1.8525
-1.9986
-2.1594
-2.336
-2.5301
-2.7433
-2.9773
-3.2342
-3.5158
-3.8241
-4.1612
-4.5292
-4.9302
-5.3663
-5.8399
-6.3531
-6.9082
-7.5047
-8.1423
-8.8206
-9.5366
-10.285
-11.056
-11.84
-12.624
-13.39
-14.117
-14.78
-15.356
-15.819
-16.146
-16.317
-16.314
-16.129
-15.764
-15.233
-14.554
-13.746
-12.838
-11.859
-10.837
-9.7967
-8.7634
-7.7556
-6.7884
-5.8728
-5.0162
-4.2226
-3.4932
-2.8277
-2.2246
-1.6806
-1.1915
-0.75308
-0.36084
-0.010156
0.30378
0.58595
0.84102
1.0727
1.2845
1.48
1.6628
1.8365
2.0037
2.1668
2.3279
2.4895
2.6538
2.8232
2.9994
3.1837
3.3778
3.5834
3.8023
4.0364
4.2871
4.5557
4.8434
5.1514
5.4808
5.8328
6.2085
6.608
7.0311
7.4781
7.9486
8.4406
8.9514
9.4767
10.012
10.55
11.084
11.606
12.104
12.566
12.98
13.334
13.618
13.818
13.928
13.939
13.847
13.651
13.356
12.971
12.506
11.971
11.381
10.751
10.094
9.4246
8.7536
8.0928
7.4515
6.837
6.2548
5.7091
5.2026
4.7366
4.3112
3.9259
3.5795
3.2706
2.9974
2.7576
2.5491
2.3697
2.2174
2.0902
1.9857
1.902
1.8376
1.7913
1.762
1.7484
1.7496
1.7645
1.7925
1.8334
1.8872
1.9538
2.0332
2.1254
2.2306
2.3495
2.4827
2.6311
2.7954
2.9767
3.176
3.3945
3.6335
3.8946
4.1794
4.4895
4.8264
5.1914
5.5857
6.0103
6.4663
6.9545
7.4756
8.0293
8.6122
9.2223
9.8557
10.506
11.165
11.822
12.463
13.074
13.64
14.139
14.554
14.868
15.066
15.137
15.073
14.87
14.53
14.064
13.484
12.811
12.062
11.26
10.425
9.5766
8.7309
7.9026
7.1038
6.3434
5.6278
4.9614
4.3463
3.7831
3.2707
2.8075
2.3911
2.0188
1.6867
1.3914
1.1302
0.89988
0.69731
0.51915
0.36194
0.22228
0.09822
-0.012254
-0.11125
-0.20077
-0.28261
-0.35823
-0.42905
-0.49639
-0.56155
-0.62556
-0.68933
-0.75382
-0.81999
-0.88882
-0.96111
-1.0376
-1.119
-1.2064
-1.3005
-1.4026
-1.5134
-1.634
-1.7654
-1.9086
-2.0652
-2.2365
-2.4241
-2.6298
-2.8551
-3.1017
-3.3714
-3.6665
-3.989
-4.3415
-4.7264
-5.1448
-5.5994
-6.0933
-6.6286
-7.2061
-7.8254
-8.485
-9.1823
-9.9135
-10.673
-11.452
-12.237
-13.013
-13.762
-14.459
-15.083
-15.608
-16.006
-16.252
-16.332
-16.236
-15.963
-15.516
-14.908
-14.16
-13.296
-12.347
-11.341
-10.306
-9.2669
-8.2452
-7.2571
-6.3156
-5.4295
-4.6046
-3.8438
-3.1481
-2.5155
-1.9431
-1.4275
-0.96482
-0.55067
-0.18026
0.1515
0.44903
0.71662
0.95859
1.1792
1.3825
1.5716
1.7495
1.9191
2.0832
2.2449
2.4064
2.5694
2.7358
2.9077
3.0871
3.2761
3.4762
3.6888
3.9152
4.1571
4.4158
4.6933
4.9909
5.3097
5.6509
6.0153
6.4033
6.8152
7.2509
7.7099
8.1912
8.6921
9.2097
9.74
10.278
10.815
11.345
11.856
12.338
12.78
13.168
13.488
13.731
13.885
13.945
13.904
13.762
13.518
13.178
12.751
12.247
11.682
11.068
10.421
9.755
9.0828
8.4159
7.7641
7.1358
6.5374
5.9734
5.4473
4.961
4.5155
4.1107
3.7454
3.4184
3.1279
2.872
2.6485
2.455
2.2895
2.15
2.0346
1.9412
1.8679
1.813
1.7752
1.7538
1.7477
1.7561
1.7781
1.8128
1.8603
1.9205
1.9935
2.0794
2.1784
2.2907
2.4169
2.5578
2.7142
2.887
3.0774
3.2865
3.5155
3.7658
4.0386
4.3357
4.659
5.01
5.3901
5.8005
6.242
6.7152
7.2206
7.7582
8.3274
8.9247
9.5471
10.19
10.845
11.504
12.154
12.781
13.37
13.904
14.363
14.728
14.983
15.117
15.118
14.983
14.709
14.304
13.777
13.147
12.433
11.654
10.833
9.9885
9.1397
8.3017
7.4876
6.708
5.9702
5.2798
4.6398
4.0516
3.5149
3.0283
2.5896
2.1964
1.8454
1.5328
1.2555
1.0105
0.79489
0.60537
0.43858
0.29104
0.15974
0.043035
-0.061171
-0.15491
-0.24012
-0.31844
-0.39126
-0.45994
-0.52578
-0.59
-0.65354
-0.7173
-0.78224
-0.8493
-0.91945
-0.99342
-1.0719
-1.1558
-1.246
-1.3435
-1.4493
-1.5644
-1.6897
-1.8263
-1.9753
-2.1383
-2.3167
-2.5122
-2.7265
-2.9612
-3.218
-3.499
-3.8063
-4.1421
-4.5089
-4.9092
-5.3436
-5.8153
-6.3274
-6.8816
-7.4783
-8.1168
-8.7948
-9.5089
-10.254
-11.025
-11.809
-12.593
-13.36
-14.089
-14.757
-15.339
-15.811
-16.145
-16.318
-16.318
-16.141
-15.787
-15.265
-14.59
-13.785
-12.877
-11.897
-10.873
-9.8324
-8.7978
-7.7884
-6.8191
-5.9009
-5.0413
-4.2446
-3.5127
-2.8455
-2.2402
-1.6937
-1.2023
-0.76188
-0.3679
-0.015403
0.30055
0.58426
0.83998
1.072
1.2845
1.4813
1.6653
1.8394
2.0066
2.1696
2.3313
2.4937
2.6586
2.828
3.0036
3.1877
3.3821
3.5885
3.808
4.0421
4.2924
4.5603
4.8475
5.1555
5.4853
5.8378
6.2138
6.6136
7.0373
7.4843
7.954
8.445
8.954
9.4777
10.011
10.549
11.082
11.602
12.098
12.56
12.978
13.335
13.618
13.816
13.921
13.929
13.837
13.646
13.357
12.976
12.513
11.981
11.392
10.762
10.105
9.4346
8.7641
8.1041
7.4636
6.8498
6.2684
5.7232
5.2166
4.7502
4.3245
3.939
3.5926
3.2836
3.0102
2.7703
2.5618
2.3822
2.229
2.1007
1.9958
1.9126
1.8494
1.8043
1.7755
1.7617
1.7625
1.7774
1.8059
1.8477
1.9022
1.9692
2.0488
2.1413
2.2473
2.3671
2.5014
2.6509
2.8162
2.9986
3.1991
3.419
3.6597
3.9223
4.2086
4.5198
4.8579
5.2242
5.6195
6.0456
6.5041
6.9956
7.5199
8.0756
8.6606
9.2717
9.9048
10.554
11.21
11.863
12.5
13.106
13.664
14.156
14.567
14.875
15.064
15.122
15.045
14.833
14.488
14.018
13.436
12.761
12.011
11.208
10.373
9.5254
8.6819
7.8571
7.0623
6.3063
5.5953
4.9331
4.322
3.7627
3.2543
2.7949
2.382
2.0126
1.6838
1.392
1.1336
0.90536
0.7042
0.52707
0.37093
0.23281
0.11033
0.0013395
-0.096229
-0.18437
-0.26485
-0.33912
-0.40856
-0.4745
-0.53821
-0.60069
-0.66285
-0.72563
-0.78998
-0.85687
-0.92705
-1.0012
-1.0802
-1.1648
-1.2561
-1.355
-1.4624
-1.5792
-1.7064
-1.8451
-1.9968
-2.1628
-2.3447
-2.5442
-2.7626
-3.0017
-3.2634
-3.5498
-3.8631
-4.2057
-4.5801
-4.9874
-5.4309
-5.9135
-6.4369
-7.0021
-7.6092
-8.2572
-8.9443
-9.6677
-10.423
-11.2
-11.989
-12.775
-13.539
-14.261
-14.917
-15.483
-15.928
-16.228
-16.364
-16.327
-16.112
-15.719
-15.159
-14.449
-13.614
-12.683
-11.685
-10.65
-9.6038
-8.5683
-7.5619
-6.5987
-5.6889
-4.8394
-4.0538
-3.3336
-2.6779
-2.0836
-1.5476
-1.0661
-0.6349
-0.24916
0.096272
0.40595
0.68424
0.93551
1.1641
1.3743
1.5693
1.7522
1.926
2.0936
2.258
2.4216
2.5864
2.7541
2.9269
3.1067
3.2957
3.4955
3.7076
3.9332
4.1739
4.4313
4.7069
5.0023
5.3187
5.6571
6.0183
6.4029
6.811
7.2425
7.6968
8.173
8.6686
9.1805
9.7049
10.236
10.768
11.292
11.798
12.275
12.715
13.104
13.426
13.669
13.826
13.888
13.854
13.721
13.49
13.164
12.752
12.264
11.712
11.111
10.475
9.8179
9.1532
8.4926
7.8462
7.2221
6.6268
6.0652
5.5405
5.0547
4.6089
4.2034
3.8373
3.5094
3.2178
2.9609
2.7365
2.5424
2.376
2.2353
2.1188
2.025
1.9524
1.8993
1.8639
1.8444
1.8397
1.8495
1.8735
1.9113
1.9625
2.0269
2.1041
2.1944
2.2982
2.4162
2.5488
2.6967
2.8607
3.0417
3.2408
3.4592
3.6983
3.9594
4.2439
4.5531
4.8887
5.252
5.6446
6.0676
6.5212
7.0069
7.5249
8.0743
8.6528
9.2569
9.8819
10.522
11.169
11.812
12.439
13.036
13.585
14.07
14.473
14.779
14.969
15.032
14.96
14.754
14.419
13.962
13.396
12.737
12.005
11.219
10.4
9.5663
8.7359
7.9226
7.138
6.3908
5.6874
5.0318
4.426
3.8709
3.366
2.9097
2.4993
2.1323
1.8055
1.5158
1.2597
1.0337
0.83482
0.66018
0.50699
0.37243
0.25381
0.149
0.056202
-0.026364
-0.10045
-0.16776
-0.22964
-0.28715
-0.34138
-0.39337
-0.4441
-0.49437
-0.5449
-0.59641
-0.64966
-0.70543
-0.76434
-0.82699
-0.89402
-0.96616
-1.0442
-1.1291
-1.2215
-1.3223
-1.4323
-1.5526
-1.6844
-1.8289
-1.9875
-2.1619
-2.3533
-2.5633
-2.7938
-3.0467
-3.3242
-3.6287
-3.9627
-4.3281
-4.7277
-5.1646
-5.6414
-6.16
-6.7217
-7.3274
-7.9772
-8.6706
-9.4056
-10.177
-10.977
-11.798
-12.623
-13.436
-14.214
-14.933
-15.565
-16.08
-16.451
-16.658
-16.682
-16.515
-16.155
-15.61
-14.899
-14.05
-13.092
-12.056
-10.975
-9.8762
-8.7848
-7.7213
-6.7017
-5.7377
-4.8369
-4.0039
-3.2399
-2.5436
-1.9125
-1.3434
-0.83235
-0.37433
0.036265
0.40415
0.73405
1.0308
1.2994
1.5448
1.7714
1.9824
2.181
2.3704
2.554
2.7349
2.9156
3.098
3.2841
3.476
3.6758
3.8857
4.1074
4.3421
4.5911
4.8557
5.1373
5.4372
5.7567
6.0963
6.4565
6.8377
7.2396
7.6612
8.1012
8.5576
9.0278
9.5086
9.9948
10.48
10.958
11.42
11.858
12.261
12.619
12.924
13.164
13.329
13.411
13.407
13.315
13.137
12.876
12.536
12.125
11.655
11.135
10.577
9.9947
9.3992
8.8013
8.2106
7.6354
7.0822
6.5562
6.0615
5.6006
5.1748
4.7851
4.4317
4.114
3.8311
3.5813
3.3634
3.1755
3.0161
2.8835
2.7756
2.6905
2.6271
2.5847
2.5624
2.5594
2.5746
2.6071
2.6556
2.7194
2.7994
2.8956
3.0082
3.1377
3.2842
3.4483
3.6305
3.8316
4.0528
4.2949
4.5591
4.8461
5.1571
5.4929
5.8545
6.2421
6.6561
7.0973
7.5653
8.0589
8.5759
9.1128
9.6655
10.228
10.795
11.358
11.904
12.423
12.903
13.329
13.688
13.969
14.158
14.243
14.218
14.082
13.836
13.489
13.047
12.521
11.927
11.278
10.592
9.883
9.1668
8.456
7.7616
7.0927
6.4562
5.857
5.2985
4.7825
4.3098
3.8801
3.4923
3.1448
2.8355
2.5621
2.3221
2.1129
1.9322
1.7778
1.6474
1.5387
1.4493
1.3777
1.3225
1.2824
1.2561
1.2423
1.2402
1.2491
1.2687
1.2986
1.3386
1.3882
1.4475
1.5168
1.5963
1.6864
1.7878
1.901
2.0266
2.1655
2.3189
2.4877
2.6732
2.8766
3.0995
3.3436
3.6105
3.9021
4.2196
4.5652
4.9417
5.3512
5.7954
6.2755
6.792
7.3449
7.9339
8.5579
9.2154
9.9032
10.613
11.337
12.062
12.775
13.459
14.093
14.659
15.131
15.486
15.707
15.779
15.697
15.456
15.06
14.519
13.85
13.075
12.219
11.308
10.366
9.4152
8.4749
7.5605
6.6846
5.8562
5.0812
4.3635
3.7043
3.1034
2.5585
2.0669
1.6253
1.2303
0.87772
0.56312
0.28255
0.032146
-0.19195
-0.39358
-0.57628
-0.74293
-0.89631
-1.0392
-1.1742
-1.3038
-1.4299
-1.5542
-1.6786
-1.805
-1.9352
-2.0708
-2.2128
-2.3628
-2.5223
-2.6928
-2.876
-3.0736
-3.2867
-3.5167
-3.7653
-4.0339
-4.3245
-4.6388
-4.9782
-5.3442
-5.7385
-6.1621
-6.6155
-7.0991
-7.6123
-8.1542
-8.7235
-9.3164
-9.9284
-10.553
-11.183
-11.807
-12.414
-12.987
-13.515
-13.979
-14.36
-14.641
-14.809
-14.856
-14.778
-14.573
-14.243
-13.795
-13.243
-12.601
-11.889
-11.127
-10.334
-9.5267
-8.7226
-7.9349
-7.1743
-6.4495
-5.7665
-5.1293
-4.5404
-4.0006
-3.5094
-3.0652
-2.666
-2.309
-1.9916
-1.7106
-1.4625
-1.2446
-1.0539
-0.88756
-0.74271
-0.6166
-0.5071
-0.4123
-0.33035
-0.25943
-0.19776
-0.14402
-0.097168
-0.056181
-0.020063
0.012155
0.041215
0.067682
0.092124
0.11508
0.13706
0.15845
0.1796
0.20088
0.22264
0.2452
0.26883
0.29382
0.32047
0.34912
0.38012
0.41378
0.45041
0.49038
0.53409
0.58204
0.63474
0.69277
0.75664
0.82694
0.90436
0.98972
1.0839
1.188
1.303
1.4303
1.571
1.7265
1.8982
2.088
2.2978
2.5299
2.7865
3.0703
3.3836
3.7295
4.1113
4.532
4.9946
5.5019
6.0569
6.6624
7.3208
8.0317
8.7959
9.6124
10.476
11.377
12.303
13.237
14.159
15.04
15.847
16.546
17.103
17.485
17.662
17.611
17.325
16.809
16.088
15.183
14.131
12.97
11.74
10.478
9.2169
7.9846
6.8017
5.683
4.6386
3.673
2.788
1.9831
1.2554
0.60019
0.011931
-0.51508
-0.98681
-1.4095
-1.7896
-2.1334
-2.4457
-2.7313
-2.9947
-3.2408
-3.474
-3.6984
-3.9164
-4.1309
-4.3444
-4.5596
-4.779
-5.0048
-5.2382
-5.4805
-5.7327
-5.9958
-6.2709
-6.5587
-6.8596
-7.1732
-7.4989
-7.8357
-8.1824
-8.5369
-8.8971
-9.2602
-9.6232
-9.9817
-10.331
-10.664
-10.977
-11.264
-11.518
-11.734
-11.907
-12.032
-12.104
-12.119
-12.076
-11.975
-11.818
-11.608
-11.35
-11.048
-10.709
-10.339
-9.9458
-9.536
-9.1164
-8.6937
-8.2743
-7.8637
-7.4664
-7.0862
-6.7264
-6.3895
-6.0773
-5.7911
-5.5314
-5.2985
-5.0921
-4.9121
-4.7581
-4.6295
-4.5257
-4.445
-4.3868
-4.351
-4.3374
-4.3456
-4.3752
-4.4258
-4.4966
-4.5869
-4.6959
-4.8226
-4.9678
-5.1322
-5.316
-5.5193
-5.7422
-5.9845
-6.246
-6.5264
-6.8251
-7.141
-7.4739
-7.8231
-8.1873
-8.5642
-8.9511
-9.3443
-9.7395
-10.132
-10.515
-10.884
-11.233
-11.553
-11.837
-12.078
-12.27
-12.408
-12.485
-12.5
-12.449
-12.333
-12.151
-11.909
-11.61
-11.263
-10.875
-10.453
-10.006
-9.5438
-9.0732
-8.602
-8.1368
-7.6833
-7.2465
-6.8307
-6.439
-6.0734
-5.7357
-5.427
-5.1479
-4.8982
-4.6775
-4.4851
-4.3202
-4.182
-4.0695
-3.9818
-3.9177
-3.876
-3.8561
-3.8575
-3.8798
-3.9224
-3.9849
-4.0666
-4.1672
-4.2863
-4.4244
-4.5819
-4.7589
-4.9557
-5.1725
-5.4096
-5.667
-5.9445
-6.2422
-6.5609
-6.9004
-7.2603
-7.6394
-8.0361
-8.448
-8.8724
-9.3059
-9.7446
-10.184
-10.617
-11.037
-11.436
-11.807
-12.14
-12.428
-12.662
-12.835
-12.939
-12.968
-12.919
-12.794
-12.595
-12.326
-11.992
-11.6
-11.161
-10.682
-10.175
-9.6496
-9.1154
-8.5815
-8.0558
-7.5451
-7.0549
-6.5897
-6.1528
-5.7465
-5.372
-5.03
-4.7205
-4.4434
-4.198
-3.9834
-3.798
-3.6406
-3.5102
-3.4055
-3.3252
-3.268
-3.2325
-3.2172
-3.2216
-3.2455
-3.2886
-3.3508
-3.4316
-3.5307
-3.6477
-3.7823
-3.9349
-4.1064
-4.2973
-4.5084
-4.74
-4.9928
-5.2674
-5.5643
-5.8829
-6.2242
-6.5892
-6.9783
-7.391
-7.826
-8.2814
-8.7542
-9.2409
-9.7371
-10.238
-10.737
-11.226
-11.696
-12.137
-12.538
-12.889
-13.178
-13.398
-13.537
-13.589
-13.548
-13.413
-13.187
-12.877
-12.489
-12.031
-11.516
-10.956
-10.364
-9.7507
-9.1296
-8.5114
-7.9052
-7.3187
-6.7584
-6.2289
-5.7337
-5.2749
-4.8534
-4.4693
-4.1223
-3.8116
-3.536
-3.2936
-3.0826
-2.9013
-2.748
-2.6208
-2.5179
-2.4372
-2.3772
-2.3369
-2.3156
-2.3122
-2.326
-2.3561
-2.4015
-2.4617
-2.5371
-2.6278
-2.7341
-2.8562
-2.9945
-3.1494
-3.3215
-3.5119
-3.7216
-3.9515
-4.2028
-4.4766
-4.774
-5.0962
-5.4443
-5.8188
-6.2211
-6.6521
-7.112
-7.6002
-8.1152
-8.6546
-9.2153
-9.7933
-10.383
-10.976
-11.564
-12.134
-12.676
-13.174
-13.614
-13.982
-14.263
-14.441
-14.507
-14.456
-14.288
-14.006
-13.614
-13.123
-12.548
-11.902
-11.203
-10.47
-9.7185
-8.9641
-8.2201
-7.4975
-6.805
-6.149
-5.5343
-4.9633
-4.4377
-3.9578
-3.5228
-3.1311
-2.7806
-2.4688
-2.1932
-1.951
-1.7393
-1.5555
-1.397
-1.2614
-1.1462
-1.0494
-0.96911
-0.90374
-0.85162
-0.81131
-0.78176
-0.76205
-0.75131
-0.74874
-0.7537
-0.76586
-0.78499
-0.81088
-0.84338
-0.88236
-0.92792
-0.9803
-1.0398
-1.1068
-1.1818
-1.2652
-1.3577
-1.46
-1.5729
-1.6974
-1.8344
-1.9851
-2.1509
-2.3332
-2.5336
-2.7538
-2.9958
-3.2615
-3.5529
-3.872
-4.2211
-4.6025
-5.0183
-5.4712
-5.9636
-6.498
-7.0747
-7.6942
-8.3573
-9.0621
-9.8044
-10.577
-11.372
-12.177
-12.977
-13.752
-14.48
-15.135
-15.691
-16.122
-16.405
-16.517
-16.443
-16.181
-15.74
-15.132
-14.377
-13.501
-12.532
-11.501
-10.438
-9.369
-8.316
-7.2974
-6.3266
-5.4131
-4.5626
-3.778
-3.0601
-2.4077
-1.8179
-1.2867
-0.80994
-0.38294
-0.00088423
0.34133
0.64895
0.92646
1.1779
1.4074
1.6188
1.8163
2.0033
2.1824
2.3562
2.5274
2.6986
2.8724
3.0507
3.2352
3.4276
3.6296
3.8432
4.0703
4.3124
4.5708
4.8466
5.141
5.4551
5.7901
6.147
6.5261
6.9273
7.3509
7.7963
8.2617
8.7448
9.242
9.749
10.26
10.77
11.27
11.751
12.201
12.611
12.969
13.265
13.487
13.628
13.68
13.636
13.495
13.261
12.939
12.539
12.068
11.539
10.964
10.358
9.7315
9.0973
8.4669
7.8495
7.2531
6.6838
6.1464
5.6444
5.1798
4.7534
4.3652
4.0146
3.7009
3.4225
3.1777
2.9644
2.7809
2.6254
2.496
2.3907
2.3075
2.2448
2.2015
2.1766
2.1694
2.1788
2.204
2.244
2.2985
2.3675
2.4513
2.5499
2.6637
2.793
2.9382
3.0999
3.2791
3.4767
3.6939
3.9317
4.1912
4.4738
4.7807
5.113
5.4716
5.8583
6.2742
6.7197
7.1947
7.6983
8.2291
8.785
9.3631
9.9583
10.564
11.173
11.774
12.356
12.905
13.405
13.845
14.205
14.468
14.621
14.658
14.574
14.37
14.047
13.613
13.08
12.462
11.777
11.044
10.28
9.5027
8.7277
7.9677
7.2334
6.5328
5.872
5.2549
4.6839
4.16
3.6831
3.2517
2.864
2.5176
2.2098
1.9378
1.6985
1.4891
1.3068
1.149
1.0131
0.89644
0.79709
0.71321
0.64303
0.58486
0.53718
0.4989
0.46899
0.44653
0.43065
0.42069
0.41618
0.41668
0.42182
0.43127
0.44484
0.4625
0.48422
0.51
0.53987
0.57396
0.61249
0.65575
0.70406
0.75781
0.81741
0.88336
0.95636
1.037
1.126
1.224
1.3319
1.4509
1.582
1.7266
1.8862
2.0623
2.2567
2.4711
2.7073
2.9673
3.2535
3.5683
3.9144
4.2946
4.7122
5.1695
5.6666
6.2088
6.7998
7.4417
8.1344
8.8758
9.6619
10.487
11.342
12.218
13.098
13.961
14.78
15.528
16.173
16.685
17.033
17.189
17.135
16.868
16.396
15.73
14.895
13.922
12.843
11.698
10.519
9.3373
8.178
7.0608
6.0003
5.0061
4.0841
3.2369
2.4644
1.7644
1.1326
0.56447
0.055002
-0.40125
-0.81015
-1.1783
-1.5105
-1.8112
-2.0849
-2.3361
-2.5699
-2.7909
-3.0031
-3.2088
-3.4106
-3.6112
-3.8133
-4.0196
-4.2323
-4.4529
-4.6829
-4.9237
-5.1767
-5.4435
-5.7255
-6.0233
-6.3374
-6.668
-7.0149
-7.3777
-7.7555
-8.1471
-8.5511
-8.9646
-9.3841
-9.8053
-10.223
-10.633
-11.026
-11.398
-11.739
-12.043
-12.302
-12.506
-12.649
-12.725
-12.732
-12.668
-12.535
-12.333
-12.067
-11.741
-11.363
-10.942
-10.485
-10.004
-9.5067
-9.0025
-8.4995
-8.005
-7.5251
-7.0649
-6.6282
-6.2183
-5.8372
-5.4861
-5.1657
-4.8763
-4.6178
-4.3897
-4.1909
-4.0204
-3.8771
-3.7601
-3.6681
-3.6001
-3.5547
-3.5307
-3.5268
-3.5431
-3.5793
-3.6355
-3.7112
-3.8063
-3.9203
-4.0527
-4.2031
-4.3718
-4.5601
-4.7684
-4.9972
-5.2469
-5.518
-5.8107
-6.1252
-6.4608
-6.817
-7.1947
-7.5938
-8.0132
-8.451
-8.9042
-9.3689
-9.8402
-10.312
-10.778
-11.23
-11.662
-12.062
-12.421
-12.729
-12.976
-13.156
-13.26
-13.283
-13.223
-13.077
-12.848
-12.54
-12.162
-11.724
-11.235
-10.707
-10.151
-9.5789
-9.001
-8.4264
-7.8632
-7.3187
-6.7985
-6.3069
-5.8468
-5.4205
-5.0292
-4.6733
-4.3524
-4.0656
-3.8118
-3.5898
-3.3981
-3.235
-3.0987
-2.9877
-2.9008
-2.8368
-2.7943
-2.7722
-2.7692
-2.7842
-2.8168
-2.8669
-2.9341
-3.0185
-3.1199
-3.2381
-3.3733
-3.5261
-3.6972
-3.8872
-4.0969
-4.3271
-4.5786
-4.8523
-5.1486
-5.4678
-5.8117
-6.1814
-6.5776
-7.0001
-7.4483
-7.9206
-8.4149
-8.9284
-9.4576
-9.9984
-10.545
-11.088
-11.618
-12.126
-12.599
-13.026
-13.393
-13.689
-13.901
-14.016
-14.03
-13.939
-13.745
-13.452
-13.064
-12.593
-12.05
-11.449
-10.806
-10.135
-9.4504
-8.7657
-8.092
-7.4385
-6.8126
-6.2201
-5.665
-5.1495
-4.6749
-4.2418
-3.8497
-3.4973
-3.1829
-2.9046
-2.6601
-2.4472
-2.2635
-2.1065
-1.9743
-1.8653
-1.7776
-1.7093
-1.6586
-1.6237
-1.604
-1.5986
-1.6068
-1.628
-1.6615
-1.7068
-1.7639
-1.8328
-1.9138
-2.0072
-2.1134
-2.2327
-2.3657
-2.5135
-2.6769
-2.8569
-3.0547
-3.2717
-3.5091
-3.7686
-4.0516
-4.3596
-4.6946
-5.0584
-5.4526
-5.8783
-6.3364
-6.8277
-7.3525
-7.911
-8.4996
-9.1159
-9.7579
-10.421
-11.096
-11.775
-12.442
-13.083
-13.678
-14.207
-14.655
-14.999
-15.223
-15.315
-15.267
-15.075
-14.742
-14.276
-13.691
-13.003
-12.235
-11.409
-10.547
-9.6704
-8.7961
-7.9398
-7.1137
-6.3273
-5.5873
-4.8981
-4.262
-3.6796
-3.1501
-2.6712
-2.2404
-1.8548
-1.511
-1.2053
-0.93379
-0.69329
-0.48041
-0.29176
-0.12396
0.026042
0.16059
0.28195
0.39235
0.49404
0.58917
0.67928
0.7658
0.85015
0.93375
1.018
1.104
1.1927
1.2852
1.3826
1.4862
1.597
1.7162
1.8446
1.9834
2.1339
2.2976
2.4759
2.6704
2.8826
3.1138
3.3658
3.6406
3.9399
4.2661
4.6213
5.0068
5.4251
5.8784
6.3683
6.8954
7.4599
8.0609
8.697
9.3659
10.063
10.781
11.51
12.239
12.952
13.632
14.257
14.81
15.263
15.593
15.782
15.821
15.702
15.424
14.991
14.416
13.716
12.914
12.037
11.109
10.156
9.1984
8.2558
7.3428
6.4712
5.6493
4.8823
4.1736
3.5241
2.9328
2.3975
1.915
1.4821
1.0949
0.7494
0.44106
0.16587
-0.080039
-0.30052
-0.49941
-0.68017
-0.84566
-0.99869
-1.142
-1.2782
-1.4098
-1.5384
-1.666
-1.7945
-1.9256
-2.0613
-2.203
-2.352
-2.5097
-2.6776
-2.8574
-3.0508
-3.2593
-3.4843
-3.7271
-3.9893
-4.2726
-4.5785
-4.9091
-5.2653
-5.6488
-6.0609
-6.5025
-6.9738
-7.4746
-8.0036
-8.5594
-9.1397
-9.7399
-10.354
-10.975
-11.593
-12.197
-12.773
-13.305
-13.782
-14.183
-14.49
-14.69
-14.772
-14.732
-14.568
-14.279
-13.873
-13.36
-12.755
-12.074
-11.337
-10.564
-9.7719
-8.9776
-8.1951
-7.436
-6.7092
-6.0218
-5.3782
-4.7813
-4.2326
-3.7321
-3.2786
-2.8701
-2.5044
-2.1787
-1.8901
-1.6355
-1.4118
-1.2162
-1.0459
-0.89808
-0.77005
-0.65955
-0.56469
-0.48361
-0.41451
-0.35565
-0.3057
-0.26361
-0.22835
-0.19898
-0.17456
-0.15444
-0.13809
-0.125
-0.11471
-0.10683
-0.10107
-0.097188
-0.094967
-0.094221
-0.094834
-0.096711
-0.099772
-0.10395
-0.10922
-0.11559
-0.12309
-0.13173
-0.14156
-0.15264
-0.16507
-0.17895
-0.1944
-0.21158
-0.23064
-0.25175
-0.27517
-0.30111
-0.3298
-0.36153
-0.39661
-0.43544
-0.47844
-0.52609
-0.57893
-0.63758
-0.70271
-0.77493
-0.85494
-0.94361
-1.0419
-1.151
-1.2722
-1.4069
-1.5566
-1.7231
-1.9081
-2.1135
-2.3416
-2.5947
-2.8755
-3.1871
-3.5326
-3.9155
-4.3386
-4.8043
-5.3184
-5.8856
-6.5096
-7.1922
-7.9342
-8.7349
-9.5922
-10.503
-11.46
-12.451
-13.457
-14.454
-15.412
-16.295
-17.067
-17.68
-18.094
-18.278
-18.214
-17.891
-17.315
-16.504
-15.492
-14.321
-13.039
-11.69
-10.316
-8.9526
-7.6283
-6.3642
-5.1753
-4.0708
-3.0555
-2.1298
-1.2902
-0.53262
0.14789
0.75708
1.3015
1.7887
2.2253
2.6174
2.9709
3.2919
3.5863
3.8593
4.1148
4.3562
4.5872
4.811
5.0311
5.2505
5.4707
5.6933
5.9198
6.1513
6.3892
6.6347
6.8883
7.1497
7.4187
7.6946
7.9766
8.2635
8.5539
8.8462
9.1386
9.4278
9.7101
9.9818
10.239
10.478
10.695
10.887
11.049
11.178
11.271
11.325
11.338
11.309
11.238
11.125
10.973
10.785
10.564
10.316
10.042
9.7487
9.441
9.1236
8.8011
8.478
8.1583
7.8458
7.5443
7.2563
6.984
6.7295
6.4941
6.2792
6.0855
5.9135
5.7634
5.6352
5.5286
5.4435
5.3798
5.3369
5.3147
5.3125
5.3298
5.3661
5.4211
5.4951
5.5877
5.6987
5.8279
5.9748
6.1388
6.3194
6.5159
6.7282
6.9559
7.1985
7.4553
7.7249
8.0059
8.2965
8.5943
8.8969
9.2018
9.506
9.8054
10.096
10.373
10.633
10.871
11.081
11.261
11.405
11.511
11.573
11.589
11.559
11.482
11.359
11.195
10.99
10.749
10.475
10.175
9.8531
9.5154
9.167
8.8134
8.4598
8.1109
7.7708
7.443
7.1304
6.8357
6.5608
6.3072
6.076
5.8677
5.6825
5.5206
5.3818
5.2661
5.1731
5.1025
5.0532
5.0242
5.0158
5.028
5.0608
5.114
5.1874
5.2804
5.3926
5.5232
5.6714
5.8362
6.0178
6.217
6.4338
6.6677
6.9184
7.1848
7.4661
7.7607
8.0672
8.3836
8.708
9.0376
9.3691
9.699
10.023
10.337
10.635
10.913
11.165
11.388
11.573
11.717
11.813
11.86
11.856
11.801
11.695
11.541
11.339
11.093
10.809
10.492
10.148
9.7826
9.4031
9.0158
8.6265
8.2405
7.8629
7.4978
7.1487
6.8185
6.5094
6.2232
5.9608
5.7228
5.5098
5.3218
5.1587
5.0204
4.9061
4.815
4.7469
4.7013
4.6778
4.6758
4.6949
4.7344
4.7935
4.8715
4.9682
5.0838
5.2185
5.3723
5.5453
5.7372
5.9479
6.177
6.4239
6.688
6.9688
7.266
7.5791
7.9067
8.2472
8.5983
8.957
9.32
9.6833
10.042
10.393
10.73
11.046
11.335
11.59
11.807
11.979
12.103
12.172
12.185
12.14
12.035
11.872
11.654
11.386
11.076
10.727
10.347
9.9435
9.5243
9.0965
8.6665
8.2403
7.8231
7.4199
7.0348
6.6707
6.3298
6.0141
5.7248
5.4626
5.2278
5.0202
4.8392
4.6845
4.5553
4.451
4.3708
4.3138
4.2791
4.2658
4.2737
4.3024
4.3516
4.4209
4.5099
4.618
4.7448
4.8905
5.0553
5.2396
5.4434
5.6669
5.9099
6.1723
6.4539
6.754
7.0717
7.4072
7.7597
8.1278
8.5095
8.9018
9.3011
9.7033
10.103
10.495
10.874
11.233
11.564
11.859
12.112
12.315
12.463
12.55
12.574
12.53
12.419
12.241
12
11.701
11.351
10.959
10.531
10.077
9.6061
9.1265
8.6457
8.1704
7.7067
7.2597
6.8341
6.4329
6.0582
5.712
5.3953
5.1086
4.8519
4.6247
4.4261
4.2556
4.112
3.9945
3.902
3.8332
3.787
3.7628
3.76
3.7781
3.8165
3.8746
3.9519
4.0478
4.1624
4.2959
4.4487
4.621
4.813
5.0251
5.2572
5.5097
5.7825
6.0763
6.3915
6.7281
7.0857
7.4632
7.8592
8.2718
8.6987
9.1368
9.5826
10.031
10.476
10.912
11.33
11.722
12.08
12.396
12.66
12.863
12.997
13.055
13.036
12.939
12.765
12.516
12.198
11.818
11.384
10.906
10.396
9.8627
9.3176
8.7701
8.2286
7.7006
7.192
6.7077
6.2515
5.8258
5.4322
5.0716
4.7444
4.4505
4.1892
3.9593
3.7595
3.5887
3.4455
3.3285
3.2363
3.1674
3.1198
3.093
3.0867
3.1004
3.1336
3.1858
3.2564
3.3445
3.4494
3.5715
3.7116
3.8702
4.0479
4.2452
4.4626
4.7007
4.96
5.2409
5.5447
5.8722
6.224
6.6002
7.0003
7.4236
7.8689
8.3344
8.818
9.3165
9.825
10.338
10.848
11.348
11.828
12.277
12.685
13.041
13.331
13.545
13.672
13.709
13.653
13.502
13.258
12.925
12.513
12.03
11.489
10.903
10.288
9.6539
9.0148
8.3812
7.7624
7.1658
6.5973
6.0616
5.5615
5.0989
4.6748
4.2895
3.9422
3.6316
3.3562
3.1142
2.9039
2.7232
2.5698
2.4418
2.3378
2.2561
2.1953
2.154
2.1304
2.1234
2.1324
2.157
2.1967
2.2513
2.3204
2.4037
2.5013
2.6136
2.7413
2.885
3.0452
3.2228
3.4186
3.6335
3.8689
4.126
4.4062
4.7107
5.0408
5.3975
5.7819
6.1949
6.6376
7.1099
7.6109
8.1404
8.6968
9.2768
9.8754
10.486
11.101
11.709
12.301
12.862
13.375
13.826
14.198
14.478
14.653
14.712
14.647
14.455
14.141
13.712
13.183
12.569
11.885
11.15
10.384
9.6013
8.8186
8.0494
7.3049
6.5936
5.9219
5.2944
4.7135
4.1803
3.6943
3.2544
2.8588
2.505
2.19
1.9113
1.6661
1.4515
1.2646
1.1025
0.96188
0.8407
0.73699
0.64878
0.57417
0.5114
0.45907
0.41602
0.38113
0.35333
0.33173
0.3157
0.30464
0.29801
0.29536
0.2964
0.3009
0.30866
0.3195
0.33331
0.35011
0.36994
0.3929
0.41907
0.44859
0.48167
0.51859
0.55963
0.60516
0.65559
0.71136
0.77297
0.84115
0.9166
0.99984
1.0916
1.1927
1.3041
1.427
1.5628
1.7128
1.8787
2.0622
2.2652
2.4895
2.7371
3.0104
3.3117
3.6437
4.0094
4.4119
4.8544
5.3399
5.8703
6.4495
7.0804
7.7639
8.4994
9.2845
10.115
10.985
11.884
12.797
13.705
14.584
15.405
16.136
16.743
17.188
17.441
17.482
17.303
16.901
16.286
15.48
14.513
13.422
12.247
11.025
9.7903
8.5712
7.3903
6.2651
5.2072
4.2241
3.3195
2.494
1.7447
1.0678
0.45875
-0.087464
-0.57648
-1.0147
-1.4084
-1.763
-2.0835
-2.3751
-2.643
-2.8926
-3.1279
-3.352
-3.5681
-3.7793
-3.9886
-4.1992
-4.4134
-4.6328
-4.859
-5.0936
-5.3382
-5.5943
-5.8633
-6.1458
-6.4422
-6.7525
-7.0766
-7.414
-7.7642
-8.126
-8.498
-8.8773
-9.2609
-9.6451
-10.026
-10.397
-10.755
-11.093
-11.404
-11.681
-11.917
-12.108
-12.247
-12.328
-12.348
-12.304
-12.198
-12.032
-11.809
-11.536
-11.213
-10.851
-10.455
-10.034
-9.5944
-9.1451
-8.6931
-8.2453
-7.8073
-7.3842
-6.9799
-6.5979
-6.2407
-5.9101
-5.6072
-5.3323
-5.0856
-4.8669
-4.6759
-4.512
-4.3744
-4.2617
-4.1732
-4.1084
-4.0667
-4.0476
-4.0503
-4.074
-4.1179
-4.181
-4.2627
-4.3633
-4.4831
-4.6224
-4.7812
-4.9596
-5.1577
-5.3755
-5.613
-5.87
-6.1468
-6.4439
-6.7611
-7.0979
-7.4536
-7.8265
-8.2149
-8.6164
-9.0282
-9.4469
-9.8683
-10.287
-10.696
-11.09
-11.461
-11.802
-12.103
-12.359
-12.561
-12.701
-12.772
-12.773
-12.702
-12.559
-12.349
-12.072
-11.737
-11.35
-10.92
-10.456
-9.9665
-9.4628
-8.9529
-8.4452
-7.9469
-7.464
-7.0015
-6.5634
-6.1527
-5.7713
-5.4204
-5.1005
-4.8119
-4.5544
-4.3275
-4.1299
-3.9606
-3.8185
-3.7027
-3.6119
-3.545
-3.5007
-3.4777
-3.4748
-3.4918
-3.5286
-3.5852
-3.6612
-3.7564
-3.8704
-4.0028
-4.1531
-4.3219
-4.5101
-4.7185
-4.9473
-5.1972
-5.4684
-5.7614
-6.0763
-6.4125
-6.7696
-7.1485
-7.5493
-7.971
-8.4115
-8.8679
-9.3365
-9.8122
-10.289
-10.761
-11.22
-11.659
-12.067
-12.435
-12.751
-13.007
-13.194
-13.306
-13.336
-13.281
-13.139
-12.912
-12.606
-12.227
-11.787
-11.295
-10.761
-10.2
-9.621
-9.0361
-8.4541
-7.8834
-7.3313
-6.8038
-6.3051
-5.8383
-5.4056
-5.0084
-4.647
-4.3209
-4.0294
-3.7712
-3.545
-3.3494
-3.1826
-3.0428
-2.9285
-2.8383
-2.7711
-2.7254
-2.7
-2.6936
-2.7051
-2.734
-2.7803
-2.8437
-2.9238
-3.0207
-3.1342
-3.2644
-3.4119
-3.5773
-3.7613
-3.9648
-4.1885
-4.4331
-4.6996
-4.9885
-5.3005
-5.6374
-6.0003
-6.3898
-6.8058
-7.2478
-7.7147
-8.2049
-8.7162
-9.2458
-9.7898
-10.342
-10.895
-11.439
-11.966
-12.462
-12.917
-13.317
-13.65
-13.9
-14.056
-14.111
-14.061
-13.906
-13.647
-13.288
-12.84
-12.313
-11.722
-11.082
-10.409
-9.7168
-9.0201
-8.3308
-7.6591
-7.0131
-6.3992
-5.822
-5.2844
-4.7882
-4.3341
-3.922
-3.5506
-3.2182
-2.923
-2.6628
-2.4352
-2.2376
-2.0677
-1.9236
-1.8033
-1.7048
-1.6261
-1.5652
-1.5203
-1.4908
-1.4755
-1.4737
-1.4846
-1.5073
-1.5413
-1.5866
-1.6431
-1.7109
-1.7902
-1.8811
-1.984
-2.0994
-2.2281
-2.371
-2.5289
-2.703
-2.8943
-3.1042
-3.3341
-3.5855
-3.8603
-4.1602
-4.4868
-4.8417
-5.2262
-5.6418
-6.0897
-6.5711
-7.0871
-7.6386
-8.226
-8.8446
-9.4917
-10.163
-10.851
-11.546
-12.235
-12.903
-13.534
-14.11
-14.608
-15.008
-15.293
-15.447
-15.46
-15.324
-15.04
-14.611
-14.052
-13.382
-12.621
-11.792
-10.917
-10.02
-9.1194
-8.2318
-7.3716
-6.5495
-5.7735
-5.0488
-4.3784
-3.7635
-3.203
-2.6953
-2.2379
-1.8278
-1.4614
-1.1344
-0.84355
-0.58551
-0.35677
-0.15368
0.027526
0.19067
0.33834
0.47262
0.59571
0.70986
0.81734
0.9204
1.0206
1.1193
1.218
1.3181
1.421
1.5282
1.6407
1.7596
1.8862
2.0217
2.1676
2.3254
2.4962
2.6813
2.8821
3.1002
3.3373
3.5953
3.8761
4.1814
4.513
4.8728
5.2624
5.6833
6.1368
6.6244
7.1469
7.7031
8.2927
8.9146
9.5653
10.239
10.928
11.621
12.307
12.972
13.598
14.163
14.65
15.038
15.31
15.45
15.448
15.296
14.995
14.551
13.98
13.302
12.536
11.703
10.828
9.9304
9.0307
8.1458
7.2892
6.4718
5.701
4.982
4.3173
3.7075
3.152
2.6494
2.1968
1.7909
1.4283
1.1054
0.81867
0.56415
0.33787
0.13603
-0.044254
-0.20589
-0.35171
-0.48449
-0.60678
-0.7206
-0.82788
-0.93049
-1.0303
-1.129
-1.2279
-1.3282
-1.4313
-1.5386
-1.6516
-1.7713
-1.8989
-2.0354
-2.1823
-2.3408
-2.5125
-2.6991
-2.9017
-3.1218
-3.361
-3.6209
-3.9035
-4.2107
-4.5445
-4.9063
-5.2983
-5.7223
-6.1797
-6.6712
-7.1971
-7.7571
-8.3504
-8.9753
-9.6272
-10.301
-10.99
-11.683
-12.368
-13.029
-13.649
-14.213
-14.695
-15.075
-15.333
-15.457
-15.439
-15.276
-14.966
-14.516
-13.94
-13.253
-12.479
-11.641
-10.761
-9.8614
-8.9621
-8.0791
-7.2257
-6.4121
-5.6455
-4.9307
-4.2703
-3.6652
-3.1146
-2.6164
-2.1678
-1.7658
-1.4069
-1.0874
-0.80314
-0.55062
-0.32632
-0.12679
0.051412
0.21158
0.3563
0.48799
0.60901
0.72171
0.82831
0.93053
1.0299
1.1279
1.2263
1.3264
1.4296
1.537
1.6497
1.769
1.8963
2.033
2.1803
2.3393
2.5112
2.6976
2.8999
3.1199
3.3595
3.6202
3.9038
4.2119
4.5464
4.909
5.3015
5.7257
6.1832
6.6721
7.195
7.7536
8.3478
8.9753
9.6317
10.311
11.004
11.7
12.387
13.051
13.674
14.236
14.714
15.092
15.352
15.478
15.46
15.291
14.972
14.511
13.925
13.233
12.454
11.612
10.729
9.8266
8.9244
8.0388
7.1833
6.3682
5.6008
4.8859
4.2256
3.6205
3.0699
2.5719
2.1238
1.7221
1.3633
1.044
0.76032
0.50846
0.28435
0.0843
-0.09458
-0.25519
-0.40039
-0.53295
-0.65539
-0.7697
-0.87782
-0.98162
-1.083
-1.1836
-1.2847
-1.3876
-1.4937
-1.6044
-1.7211
-1.845
-1.9772
-2.1188
-2.2712
-2.4358
-2.6142
-2.808
-3.0184
-3.2471
-3.4954
-3.7652
-4.0582
-4.3766
-4.7223
-5.0964
-5.5013
-5.9387
-6.4098
-6.9151
-7.4546
-8.0273
-8.6319
-9.2662
-9.9251
-10.602
-11.289
-11.975
-12.646
-13.286
-13.876
-14.401
-14.836
-15.161
-15.359
-15.419
-15.337
-15.109
-14.738
-14.234
-13.611
-12.889
-12.09
-11.238
-10.354
-9.4602
-8.5734
-7.7088
-6.8781
-6.0902
-5.3511
-4.6646
-4.0327
-3.4555
-2.9316
-2.4585
-2.0334
-1.6532
-1.3144
-1.0129
-0.74509
-0.50737
-0.29638
-0.1087
0.059085
0.20994
0.34627
0.47042
0.5847
0.69141
0.79258
0.88974
0.98441
1.0781
1.1723
1.2685
1.3677
1.4712
1.5799
1.6953
1.8185
1.951
2.0939
2.2482
2.4152
2.5963
2.7932
3.0077
3.2413
3.4957
3.7726
4.0737
4.4009
4.756
5.141
5.5581
6.0072
6.4898
7.0084
7.5641
8.156
8.7819
9.4377
10.118
10.815
11.52
12.222
12.906
13.553
14.144
14.66
15.079
15.383
15.556
15.581
15.451
15.167
14.739
14.18
13.503
12.733
11.892
11.002
10.087
9.1669
8.2607
7.3823
6.5431
5.7511
5.0118
4.3277
3.6998
3.1277
2.6098
2.1431
1.7244
1.3501
1.0166
0.71984
0.45592
0.2206
0.010424
-0.17776
-0.34707
-0.50056
-0.6412
-0.77142
-0.89333
-1.009
-1.1206
-1.2299
-1.3388
-1.4484
-1.5603
-1.676
-1.7969
-1.9246
-2.0602
-2.2049
-2.36
-2.5269
-2.7071
-2.9024
-3.1143
-3.3441
-3.5933
-3.8635
-4.1566
-4.4743
-4.8186
-5.191
-5.5928
-6.0259
-6.4918
-6.991
-7.5231
-8.087
-8.6807
-9.3014
-9.9452
-10.605
-11.273
-11.937
-12.584
-13.2
-13.766
-14.266
-14.68
-14.988
-15.173
-15.224
-15.138
-14.914
-14.552
-14.064
-13.462
-12.766
-11.995
-11.173
-10.32
-9.456
-8.5982
-7.7609
-6.9555
-6.1908
-5.4725
-4.8047
-4.1892
-3.6264
-3.1154
-2.6538
-2.2391
-1.8682
-1.538
-1.2447
-0.98476
-0.75478
-0.55161
-0.37205
-0.21291
-0.071174
0.055459
0.16912
0.27192
0.36595
0.45323
0.53527
0.61339
0.68895
0.76325
0.83755
0.91287
0.99011
1.0703
1.1544
1.2435
1.3387
1.4408
1.5506
1.6693
1.798
1.938
2.0907
2.2573
2.439
2.6374
2.854
3.0906
3.3492
3.6319
3.9406
4.2774
4.6447
5.0445
5.4787
5.9489
6.4566
7.0031
7.5894
8.2135
8.8746
9.5702
10.295
11.042
11.798
12.551
13.283
13.977
14.608
15.151
15.585
15.888
16.043
16.035
15.858
15.51
15.001
14.35
13.581
12.716
11.782
10.805
9.8106
8.8202
7.8523
6.9213
6.0381
5.21
4.4416
3.7341
3.0878
2.5011
1.9716
1.4954
1.0684
0.68659
0.34568
0.041227
-0.23138
-0.47677
-0.69862
-0.90026
-1.085
-1.2562
-1.4171
-1.5706
-1.7188
-1.8639
-2.008
-2.1534
-2.3022
-2.4561
-2.6165
-2.785
-2.9632
-3.1529
-3.356
-3.5739
-3.808
-4.0596
-4.3302
-4.6213
-4.9345
-5.2714
-5.6329
-6.0202
-6.4342
-6.8754
-7.3435
-7.8376
-8.3559
-8.8961
-9.4549
-10.028
-10.607
-11.186
-11.753
-12.299
-12.809
-13.27
-13.67
-13.992
-14.221
-14.347
-14.362
-14.265
-14.055
-13.736
-13.315
-12.803
-12.213
-11.563
-10.868
-10.146
-9.4116
-8.6796
-7.9617
-7.2677
-6.605
-5.9796
-5.3951
-4.8537
-4.3567
-3.9041
-3.4948
-3.1271
-2.7991
-2.5082
-2.252
-2.0278
-1.8329
-1.665
-1.5216
-1.4002
-1.2987
-1.2154
-1.1485
-1.0964
-1.0577
-1.0312
-1.0159
-1.0111
-1.0161
-1.0304
-1.0533
-1.0846
-1.1244
-1.1726
-1.2293
-1.2947
-1.3689
-1.4525
-1.5461
-1.6501
-1.7656
-1.8931
-2.0338
-2.1887
-2.3593
-2.547
-2.7529
-2.9786
-3.2256
-3.4956
-3.7907
-4.1128
-4.4642
-4.8474
-5.265
-5.7178
-6.2054
-6.7318
-7.2996
-7.9091
-8.5591
-9.2461
-9.9645
-10.707
-11.465
-12.226
-12.977
-13.697
-14.364
-14.956
-15.448
-15.818
-16.047
-16.116
-16.013
-15.736
-15.292
-14.699
-13.974
-13.141
-12.226
-11.257
-10.258
-9.2548
-8.2668
-7.3103
-6.398
-5.5388
-4.7383
-3.9992
-3.3219
-2.7056
-2.1481
-1.6461
-1.1954
-0.7919
-0.43137
-0.10941
0.17854
0.43717
0.6712
0.88393
1.0783
1.2573
1.4241
1.582
1.7344
1.8838
2.0317
2.1801
2.3308
2.4861
2.6478
2.8176
2.997
3.1873
3.3901
3.6072
3.8402
4.091
4.3609
4.6511
4.9629
5.2976
5.6564
6.0404
6.4506
6.8862
7.3475
7.8349
8.3473
8.8822
9.4355
10.002
10.575
11.146
11.706
12.245
12.749
13.203
13.594
13.909
14.136
14.265
14.286
14.196
13.993
13.679
13.265
12.763
12.186
11.549
10.868
10.16
9.4393
8.7193
8.0117
7.3267
6.6719
6.0531
5.4743
4.9382
4.4458
3.997
3.5909
3.2259
2.9003
2.6117
2.3575
2.1352
1.9426
1.777
1.6362
1.5175
1.419
1.3388
1.2756
1.2276
1.1936
1.1721
1.1625
1.1639
1.176
1.198
1.2295
1.2702
1.3203
1.3797
1.4489
1.5279
1.6171
1.7171
1.8284
1.952
2.0886
2.2393
2.4051
2.5874
2.7875
3.007
3.2477
3.5114
3.7999
4.1149
4.458
4.831
5.2355
5.6731
6.1455
6.6542
7.2007
7.7867
8.4127
9.073
9.7641
10.481
11.214
11.953
12.683
13.387
14.046
14.638
15.138
15.524
15.778
15.885
15.832
15.616
15.238
14.709
14.046
13.273
12.413
11.493
10.537
9.5703
8.6108
7.6758
6.7788
5.9292
5.1339
4.3967
3.7194
3.1012
2.5401
2.0339
1.5791
1.172
0.80772
0.48247
0.19243
-0.066367
-0.29798
-0.50659
-0.69641
-0.87034
-1.0309
-1.1809
-1.3227
-1.4591
-1.5926
-1.725
-1.8578
-1.9928
-2.1319
-2.277
-2.4296
-2.5911
-2.7627
-2.9461
-3.1427
-3.3543
-3.5828
-3.8294
-4.0957
-4.3831
-4.693
-5.0269
-5.3864
-5.7731
-6.1872
-6.6293
-7.1008
-7.6017
-8.1311
-8.6866
-9.2645
-9.8598
-10.467
-11.077
-11.683
-12.271
-12.827
-13.337
-13.786
-14.157
-14.438
-14.614
-14.673
-14.609
-14.419
-14.109
-13.689
-13.167
-12.559
-11.883
-11.155
-10.394
-9.6166
-8.8389
-8.0742
-7.3337
-6.6261
-5.9579
-5.3333
-4.7548
-4.2233
-3.7387
-3.3
-2.9055
-2.5526
-2.2388
-1.9613
-1.7171
-1.5034
-1.3169
-1.155
-1.0154
-0.89574
-0.79365
-0.707
-0.6341
-0.57344
-0.52362
-0.48328
-0.45123
-0.42663
-0.40868
-0.39667
-0.38998
-0.38817
-0.39092
-0.39794
-0.40897
-0.4238
-0.44242
-0.46484
-0.49114
-0.5214
-0.55576
-0.5944
-0.63765
-0.68583
-0.73934
-0.79863
-0.86423
-0.9367
-1.0168
-1.1054
-1.2031
-1.3107
-1.4292
-1.5597
-1.7034
-1.862
-2.0368
-2.2299
-2.4432
-2.6786
-2.9381
-3.2241
-3.5391
-3.8854
-4.266
-4.6836
-5.1411
-5.6416
-6.1881
-6.7811
-7.4236
-8.1169
-8.8598
-9.6487
-10.478
-11.339
-12.22
-13.105
-13.974
-14.8
-15.555
-16.208
-16.728
-17.081
-17.239
-17.187
-16.922
-16.449
-15.78
-14.94
-13.959
-12.873
-11.719
-10.531
-9.341
-8.1735
-7.0485
-5.9809
-4.9802
-4.0524
-3.2002
-2.4234
-1.7194
-1.0841
-0.51285
-0.00063162
0.45806
0.86926
1.2394
1.5732
1.8753
2.1504
2.4034
2.6391
2.8625
3.0764
3.2836
3.4869
3.6891
3.893
4.1013
4.3159
4.5382
4.7698
5.0122
5.2669
5.5354
5.819
6.118
6.433
6.7639
7.1106
7.4726
7.849
8.2387
8.6397
9.049
9.463
9.8776
10.288
10.687
11.07
11.429
11.757
12.047
12.291
12.479
12.605
12.665
12.657
12.581
12.437
12.227
11.954
11.625
11.246
10.825
10.372
9.8963
9.4064
8.9109
8.4178
7.9339
7.4652
7.0163
6.591
6.1924
5.8222
5.4816
5.1713
4.8916
4.6423
4.4228
4.2321
4.0692
3.9332
3.8231
3.7378
3.6762
3.6371
3.6192
3.6213
3.6435
3.6856
3.7476
3.8293
3.9304
4.0507
4.1897
4.3469
4.5224
4.7176
4.9329
5.1689
5.4258
5.7041
6.0038
6.3251
6.6675
7.0293
7.4113
7.8134
8.2343
8.6721
9.1234
9.5839
10.048
10.511
10.963
11.397
11.805
12.179
12.507
12.781
12.99
13.13
13.193
13.176
13.077
12.896
12.636
12.303
11.904
11.452
10.954
10.423
9.8701
9.3061
8.7404
8.1818
7.6373
7.1136
6.6156
6.1467
5.7097
5.3062
4.9372
4.603
4.3028
4.0357
3.8007
3.5964
3.4215
3.2743
3.1531
3.0564
2.9832
2.9323
2.9026
2.893
2.9023
2.9296
2.9746
3.0372
3.1172
3.2147
3.3296
3.4619
3.6118
3.7799
3.967
4.1738
4.4011
4.6495
4.9199
5.2131
5.5295
5.8685
6.2317
6.6204
7.0351
7.4755
7.94
8.4264
8.9316
9.4515
9.9811
10.514
11.045
11.563
12.059
12.519
12.933
13.288
13.574
13.778
13.893
13.91
13.824
13.635
13.349
12.973
12.517
11.991
11.409
10.786
10.135
9.4699
8.8029
8.1454
7.5066
6.8937
6.3127
5.7677
5.2613
4.7951
4.3691
3.9829
3.6357
3.3259
3.0518
2.8112
2.6019
2.422
2.2692
2.1414
2.0364
1.9525
1.8884
1.8427
1.8142
1.8016
1.8036
1.8195
1.8489
1.8917
1.9477
2.0167
2.0987
2.1935
2.3019
2.4242
2.5613
2.7138
2.8826
3.0688
3.2733
3.4974
3.7425
4.0102
4.3019
4.619
4.963
5.3351
5.7366
6.1687
6.6327
7.1293
7.657
8.2155
8.8035
9.4174
10.052
10.7
11.352
11.997
12.624
13.216
13.754
14.222
14.603
14.88
15.04
15.071
14.966
14.723
14.348
13.852
13.253
12.566
11.81
11.008
10.178
9.3383
8.5054
7.6931
6.9124
6.1714
5.4759
4.8297
4.2345
3.6903
3.196
2.7499
2.3495
1.9917
1.6729
1.3903
1.1409
0.92142
0.72866
0.55918
0.40949
0.27726
0.16046
0.056951
-0.035362
-0.11843
-0.19383
-0.26294
-0.32712
-0.38767
-0.44575
-0.50228
-0.55815
-0.61424
-0.67147
-0.73065
-0.79242
-0.85749
-0.92659
-1.0006
-1.0803
-1.1665
-1.26
-1.3616
-1.4722
-1.593
-1.7251
-1.8699
-2.0287
-2.2027
-2.3933
-2.6022
-2.8312
-3.0823
-3.3577
-3.6598
-3.9904
-4.3523
-4.748
-5.1798
-5.6498
-6.1598
-6.7114
-7.3059
-7.9441
-8.6235
-9.343
-10.099
-10.884
-11.688
-12.497
-13.292
-14.056
-14.763
-15.385
-15.897
-16.272
-16.489
-16.532
-16.389
-16.056
-15.544
-14.868
-14.058
-13.138
-12.138
-11.088
-10.016
-8.9471
-7.9021
-6.8974
-5.9449
-5.0529
-4.2258
-3.4653
-2.7711
-2.1417
-1.5738
-1.0631
-0.60503
-0.19499
0.17188
0.50062
0.79643
1.0647
1.309
1.5328
1.7393
1.9323
2.1154
2.2925
2.4667
2.6395
2.8131
2.9897
3.1713
3.3603
3.5586
3.7676
3.9888
4.2235
4.4734
4.74
5.0252
5.3297
5.6548
6.001
6.369
6.7589
7.1706
7.6036
8.0572
8.5289
9.0162
9.5154
10.022
10.529
11.03
11.517
11.977
12.404
12.785
13.106
13.359
13.533
13.622
13.621
13.527
13.339
13.061
12.699
12.261
11.76
11.209
10.62
10.006
9.38
8.7532
8.1352
7.5344
6.9577
6.4106
5.8966
5.4185
4.9779
4.5756
4.2111
3.8837
3.5919
3.3342
3.109
2.9144
2.7482
2.6085
2.4938
2.4026
2.3332
2.2842
2.2537
2.2407
2.2445
2.2647
2.3007
2.3522
2.4186
2.4997
2.5956
2.7066
2.8334
2.9763
3.1362
3.3135
3.5092
3.7241
3.9595
4.2166
4.4967
4.801
5.1305
5.4863
5.8694
6.2807
6.721
7.1895
7.6862
8.2106
8.7606
9.3324
9.9211
10.52
11.121
11.715
12.29
12.833
13.327
13.759
14.114
14.378
14.538
14.584
14.51
14.313
13.997
13.573
13.053
12.45
11.78
11.062
10.313
9.5495
8.7856
8.0351
7.3087
6.6145
5.9591
5.3466
4.7795
4.2588
3.7841
3.3544
2.9681
2.6229
2.3161
2.0449
1.8068
1.599
1.4184
1.2623
1.1282
1.014
0.91748
0.83679
0.7701
0.71597
0.67307
0.64018
0.6162
0.60031
0.59186
0.59025
0.59494
0.60546
0.62161
0.64329
0.67043
0.703
0.74101
0.78458
0.83401
0.88963
0.95184
1.0211
1.0979
1.1829
1.2769
1.3807
1.495
1.6209
1.7593
1.9116
2.0793
2.2638
2.467
2.6907
2.9368
3.2074
3.5046
3.8308
4.1883
4.5795
5.007
5.4735
5.9816
6.5338
7.1301
7.7724
8.4609
9.1934
9.9653
10.769
11.596
12.433
13.263
14.065
14.814
15.483
16.043
16.469
16.731
16.806
16.684
16.366
15.861
15.183
14.355
13.408
12.371
11.28
10.164
9.0498
7.9605
6.9131
5.9203
4.9905
4.1285
3.3366
2.6145
1.9601
1.3695
0.83848
0.36225
-0.064162
-0.44612
-0.78927
-1.0986
-1.3785
-1.6333
-1.8676
-2.0856
-2.2914
-2.4877
-2.6775
-2.8635
-3.0485
-3.2355
-3.4266
-3.6235
-3.8279
-4.0417
-4.2666
-4.5045
-4.7572
-5.0256
-5.3109
-5.6139
-5.9354
-6.276
-6.6365
-7.017
-7.4163
-7.8341
-8.2691
-8.7192
-9.1812
-9.6509
-10.123
-10.592
-11.049
-11.489
-11.901
-12.276
-12.603
-12.872
-13.077
-13.209
-13.263
-13.234
-13.12
-12.923
-12.645
-12.294
-11.879
-11.41
-10.897
-10.353
-9.7881
-9.2138
-8.6396
-8.0737
-7.5238
-6.9962
-6.4956
-6.0252
-5.5878
-5.1848
-4.817
-4.4843
-4.186
-3.921
-3.6882
-3.4861
-3.3133
-3.1679
-3.0484
-2.9533
-2.8815
-2.8318
-2.803
-2.7938
-2.803
-2.8299
-2.8744
-2.9363
-3.0153
-3.1115
-3.2247
-3.3549
-3.5025
-3.6681
-3.8526
-4.0565
-4.2808
-4.5261
-4.7933
-5.0831
-5.3957
-5.7319
-6.0936
-6.4815
-6.8958
-7.3359
-7.8007
-8.288
-8.7952
-9.3188
-9.8546
-10.397
-10.94
-11.472
-11.984
-12.465
-12.902
-13.283
-13.596
-13.83
-13.971
-14.012
-13.949
-13.782
-13.515
-13.153
-12.705
-12.183
-11.6
-10.971
-10.309
-9.6313
-8.9492
-8.275
-7.6185
-6.9877
-6.3886
-5.8257
-5.3018
-4.8183
-4.3759
-3.9745
-3.6131
-3.2901
-3.0035
-2.7513
-2.5312
-2.341
-2.1782
-2.0406
-1.9265
-1.8342
-1.7619
-1.708
-1.6705
-1.6483
-1.6407
-1.647
-1.6666
-1.6989
-1.7435
-1.7999
-1.8683
-1.949
-2.0423
-2.1484
-2.268
-2.4015
-2.5497
-2.7137
-2.8944
-3.093
-3.3108
-3.5492
-3.8095
-4.0934
-4.4025
-4.738
-5.102
-5.4965
-5.9228
-6.3819
-6.874
-7.399
-7.9564
-8.545
-9.1627
-9.8044
-10.464
-11.135
-11.805
-12.462
-13.09
-13.673
-14.196
-14.634
-14.968
-15.181
-15.264
-15.209
-15.015
-14.681
-14.217
-13.635
-12.953
-12.191
-11.372
-10.518
-9.6489
-8.7827
-7.9344
-7.116
-6.3371
-5.604
-4.921
-4.2905
-3.7133
-3.1884
-2.7138
-2.2869
-1.9047
-1.5641
-1.2614
-0.99282
-0.75498
-0.54465
-0.35859
-0.19354
-0.046396
0.085269
0.20363
0.31084
0.40906
0.50037
0.58637
0.66844
0.74795
0.82627
0.90471
0.98437
1.0662
1.1512
1.2404
1.335
1.4361
1.5445
1.6613
1.7874
1.9241
2.0727
2.2347
2.4115
2.6044
2.8148
3.0444
3.2949
3.5683
3.8668
4.1926
4.5472
4.9332
5.3527
5.8077
6.2993
6.8285
7.3958
8.0012
8.6439
9.32
10.026
10.755
11.498
12.243
12.974
13.671
14.316
14.885
15.353
15.698
15.903
15.953
15.84
15.561
15.12
14.532
13.816
12.998
12.101
11.154
10.18
9.203
8.2406
7.3091
6.4202
5.5826
4.8018
4.0809
3.4206
2.8193
2.275
1.7848
1.3451
0.95156
0.59959
0.28536
0.0049319
-0.24575
-0.47086
-0.6747
-0.86116
-1.0328
-1.1924
-1.3425
-1.4859
-1.6253
-1.7628
-1.9001
-2.0389
-2.1812
-2.3287
-2.4834
-2.6467
-2.82
-3.0047
-3.2022
-3.4143
-3.6428
-3.8893
-4.1552
-4.442
-4.7509
-5.0835
-5.441
-5.8248
-6.2362
-6.6744
-7.1402
-7.6345
-8.1564
-8.704
-9.2734
-9.8597
-10.456
-11.056
-11.648
-12.223
-12.767
-13.264
-13.7
-14.06
-14.33
-14.498
-14.555
-14.493
-14.31
-14.007
-13.594
-13.085
-12.493
-11.832
-11.122
-10.379
-9.621
-8.8612
-8.113
-7.3878
-6.6939
-6.0376
-5.4236
-4.8545
-4.3315
-3.8545
-3.4224
-3.0336
-2.686
-2.377
-2.1039
-1.8639
-1.6543
-1.4723
-1.315
-1.1801
-1.0654
-0.96872
-0.88811
-0.8218
-0.76833
-0.7264
-0.69479
-0.67238
-0.65837
-0.65213
-0.65308
-0.6607
-0.67453
-0.69435
-0.72012
-0.75181
-0.78942
-0.83302
-0.88275
-0.93894
-1.002
-1.0723
-1.1505
-1.2372
-1.333
-1.4388
-1.5556
-1.6843
-1.8259
-1.9815
-2.1525
-2.3404
-2.547
-2.7742
-3.024
-3.2986
-3.5999
-3.9305
-4.2929
-4.6896
-5.1228
-5.5948
-6.1074
-6.6627
-7.2623
-7.9071
-8.5947
-9.3242
-10.092
-10.891
-11.709
-12.534
-13.348
-14.13
-14.856
-15.495
-16.022
-16.41
-16.636
-16.683
-16.537
-16.196
-15.67
-14.977
-14.145
-13.201
-12.176
-11.101
-10.004
-8.911
-7.844
-6.8193
-5.849
-4.9413
-4.1005
-3.328
-2.6235
-1.9852
-1.4095
-0.892
-0.42791
-0.012403
0.35955
0.69319
0.99401
1.2673
1.5166
1.7453
1.957
2.1554
2.3444
2.5283
2.7095
2.8899
3.0715
3.2567
3.4475
3.6464
3.855
4.0749
4.3074
4.554
4.816
5.095
5.3926
5.7095
6.0464
6.404
6.7822
7.1809
7.5994
8.0366
8.491
8.9598
9.4393
9.9249
10.411
10.891
11.356
11.798
12.207
12.575
12.889
13.138
13.312
13.406
13.414
13.336
13.172
12.923
12.595
12.194
11.732
11.218
10.664
10.085
9.4902
8.8918
8.2994
7.7212
7.1642
6.6337
6.1339
5.6674
5.2361
4.8407
4.4817
4.1586
3.8704
3.6156
3.3929
3.2005
3.0369
2.9002
2.7885
2.7002
2.6341
2.5891
2.5642
2.5582
2.5699
2.5985
2.6434
2.7048
2.7825
2.8765
2.9869
3.1138
3.2575
3.4185
3.5977
3.7958
4.0139
4.2527
4.5133
4.7966
5.1036
5.4335
5.7881
6.1694
6.5787
7.0163
7.4814
7.9727
8.4877
9.0232
9.575
10.138
10.706
11.272
11.825
12.352
12.84
13.278
13.65
13.944
14.148
14.252
14.246
14.128
13.897
13.562
13.133
12.616
12.029
11.385
10.702
9.9936
9.2753
8.5607
7.861
7.1855
6.5416
5.9348
5.3684
4.8447
4.3643
3.9268
3.5317
3.1773
2.8616
2.5822
2.3367
2.1226
1.9373
1.7783
1.6435
1.5307
1.4379
1.363
1.3045
1.2611
1.2317
1.2151
1.2102
1.2162
1.2326
1.2593
1.2958
1.3421
1.3979
1.4633
1.5387
1.6244
1.7209
1.8288
1.9489
2.0818
2.2286
2.3904
2.5683
2.7635
2.9775
3.2118
3.4681
3.7483
4.0544
4.388
4.7501
5.1438
5.5717
6.0358
6.537
7.0758
7.6517
8.2634
8.909
9.5858
10.29
11.013
11.743
12.468
13.172
13.836
14.438
14.961
15.376
15.663
15.806
15.794
15.623
15.293
14.812
14.194
13.458
12.629
11.733
10.795
9.8392
8.8858
7.9522
7.0524
6.197
5.3933
4.6458
3.957
3.3273
2.7551
2.2378
1.7723
1.3552
0.98251
0.64991
0.35313
0.088248
-0.14864
-0.36138
-0.55377
-0.72896
-0.88978
-1.039
-1.1794
-1.3136
-1.4437
-1.5714
-1.6987
-1.8274
-1.9594
-2.0965
-2.2398
-2.3909
-2.5511
-2.722
-2.9054
-3.1029
-3.3159
-3.5457
-3.7937
-4.0615
-4.351
-4.6637
-5.0015
-5.3654
-5.757
-6.1776
-6.6278
-7.1077
-7.6168
-8.1539
-8.7174
-9.3045
-9.91
-10.528
-11.15
-11.766
-12.365
-12.931
-13.451
-13.91
-14.287
-14.566
-14.734
-14.783
-14.708
-14.509
-14.187
-13.749
-13.208
-12.578
-11.879
-11.129
-10.347
-9.5516
-8.7579
-7.9796
-7.2274
-6.5099
-5.8332
-5.2015
-4.6171
-4.0811
-3.5932
-3.1518
-2.755
-2.4002
-2.0847
-1.8055
-1.5594
-1.3434
-1.1547
-0.99051
-0.84807
-0.72468
-0.61825
-0.52691
-0.4488
-0.38214
-0.32523
-0.27685
-0.23598
-0.2016
-0.17276
-0.14857
-0.12841
-0.11177
-0.09815
-0.087073
-0.07816
-0.071142
-0.065769
-0.061812
-0.05908
-0.05744
-0.056778
-0.056995
-0.058013
-0.059788
-0.062291
-0.0655
-0.069401
-0.073994
-0.079308
-0.085378
-0.092246
-0.099962
-0.10859
-0.1182
-0.1289
-0.14077
-0.15394
-0.16855
-0.18474
-0.20268
-0.22258
-0.2447
-0.26921
-0.29634
-0.32635
-0.35959
-0.39643
-0.43731
-0.48271
-0.53318
-0.5893
-0.65178
-0.72127
-0.79846
-0.88419
-0.97944
-1.0853
-1.2031
-1.3343
-1.4803
-1.643
-1.8241
-2.0258
-2.2501
-2.4995
-2.7768
-3.085
-3.4274
-3.8075
-4.2291
-4.6937
-5.206
-5.7723
-6.3972
-7.0836
-7.8326
-8.6436
-9.5144
-10.441
-11.418
-12.433
-13.469
-14.499
-15.494
-16.416
-17.226
-17.877
-18.324
-18.532
-18.48
-18.158
-17.571
-16.739
-15.694
-14.484
-13.157
-11.762
-10.341
-8.9333
-7.5668
-6.2642
-5.0406
-3.9053
-2.8632
-1.914
-1.0541
-0.27902
0.41647
1.0385
1.5938
2.0904
2.535
2.9339
3.2931
3.6188
3.9171
4.1932
4.4508
4.6936
4.925
5.1485
5.3675
5.5846
5.8017
6.0199
6.2406
6.465
6.6942
6.9292
7.1704
7.4174
7.6698
7.9266
8.187
8.4497
8.7132
8.9759
9.2362
9.491
9.7367
9.97
10.187
10.386
10.562
10.714
10.837
10.93
10.99
11.017
11.007
10.961
10.879
10.762
10.612
10.432
10.226
9.9975
9.7493
9.4856
9.2111
8.9297
8.6455
8.3621
8.0828
7.8107
7.5485
7.2989
7.0639
6.8449
6.6432
6.4597
6.2954
6.1507
6.026
5.9213
5.8364
5.7712
5.7256
5.6995
5.6926
5.7046
5.7352
5.7838
5.8499
5.9326
6.0318
6.1479
6.2808
6.4304
6.5964
6.7781
6.9747
7.1853
7.4087
7.6433
7.8876
8.1406
8.4009
8.6667
8.9356
9.2051
9.4722
9.7338
9.9863
10.226
10.449
10.65
10.828
10.978
11.096
11.179
11.223
11.229
11.195
11.121
11.011
10.866
10.686
10.476
10.238
9.977
9.6974
9.4036
9.1
8.7913
8.4822
8.1764
7.8775
7.5887
7.3127
7.0517
6.8078
6.5824
6.3766
6.1912
6.0264
5.8825
5.7597
5.658
5.5773
5.5173
5.4777
5.4572
5.4556
5.4734
5.5105
5.5669
5.6425
5.7369
5.8497
5.9802
6.1276
6.291
6.4695
6.6628
6.8714
7.0948
7.3325
7.5833
7.846
8.1189
8.4001
8.6873
8.9779
9.2695
9.559
9.8425
10.116
10.375
10.616
10.834
11.025
11.185
11.311
11.399
11.446
11.449
11.408
11.323
11.195
11.028
10.825
10.588
10.321
10.031
9.7212
9.3976
9.065
8.7282
8.3921
8.0613
7.7393
7.4294
7.1343
6.8565
6.5977
6.3595
6.1428
5.9482
5.776
5.6261
5.4986
5.3934
5.3101
5.2486
5.2082
5.1882
5.1883
5.2083
5.2481
5.3075
5.3861
5.4835
5.5992
5.7328
5.8836
6.0515
6.2366
6.4388
6.6578
6.893
7.1436
7.4086
7.6867
7.9765
8.2762
8.584
8.8974
9.2134
9.5289
9.84
10.143
10.432
10.704
10.953
11.176
11.366
11.517
11.627
11.69
11.707
11.675
11.595
11.469
11.298
11.084
10.832
10.546
10.232
9.8948
9.5412
9.1771
8.8082
8.4398
8.0767
7.7232
7.383
7.0593
6.7544
6.4703
6.2084
5.9696
5.7544
5.563
5.3958
5.2525
5.1329
5.0363
4.9621
4.91
4.8797
4.8709
4.8831
4.9158
4.9685
5.0406
5.1313
5.2401
5.3674
5.5134
5.678
5.8613
6.0631
6.2828
6.5201
6.7742
7.0445
7.3296
7.6291
7.9419
8.2666
8.601
8.9426
9.288
9.6335
9.9747
10.307
10.624
10.923
11.196
11.438
11.642
11.804
11.92
11.985
11.998
11.957
11.861
11.712
11.511
11.263
10.972
10.646
10.291
9.9117
9.517
9.1133
8.7069
8.3035
7.908
7.5249
7.158
6.8105
6.4847
6.1822
5.9044
5.6521
5.4258
5.2256
5.0513
4.9022
4.7779
4.6779
4.6015
4.5482
4.5171
4.5076
4.5186
4.5497
4.6009
4.6721
4.7631
4.8738
5.0038
5.1529
5.3207
5.5068
5.7116
5.9353
6.1781
6.4397
6.7198
7.0177
7.3324
7.6628
8.0075
8.3646
8.7319
9.1064
9.4847
9.8626
10.235
10.597
10.942
11.264
11.558
11.815
12.028
12.191
12.297
12.345
12.332
12.259
12.126
11.932
11.684
11.384
11.04
10.659
10.248
9.8152
9.3694
8.9175
8.4668
8.0234
7.5927
7.1792
6.7865
6.4174
6.0741
5.7576
5.4689
5.2083
4.976
4.7717
4.5949
4.4445
4.3199
4.2203
4.1449
4.093
4.0636
4.0557
4.0683
4.1005
4.1524
4.2242
4.3159
4.4275
4.5589
4.7098
4.88
5.0692
5.277
5.5042
5.7515
6.019
6.307
6.615
6.9425
7.2889
7.6529
8.0332
8.4278
8.8343
9.2495
9.6694
10.089
10.504
10.905
11.288
11.644
11.967
12.246
12.473
12.639
12.742
12.775
12.739
12.633
12.456
12.212
11.905
11.543
11.133
10.684
10.206
9.7091
9.2018
8.6928
8.19
7.6997
7.2276
6.7778
6.3541
5.9587
5.5931
5.2582
4.9547
4.6825
4.4411
4.2296
4.0468
3.8919
3.7637
3.6611
3.5829
3.5277
3.4941
3.4809
3.4881
3.5156
3.5632
3.6306
3.7174
3.823
3.9469
4.0884
4.248
4.427
4.6257
4.8448
5.0847
5.3457
5.6283
5.9327
6.2583
6.6051
6.9741
7.3653
7.7778
8.2098
8.6589
9.1214
9.5931
10.069
10.542
11.007
11.456
11.878
12.264
12.604
12.888
13.108
13.255
13.324
13.309
13.207
13.02
12.749
12.404
11.993
11.525
11.011
10.463
9.8931
9.3114
8.7281
8.152
7.5914
7.0526
6.5406
6.0591
5.6108
5.1974
4.8196
4.4774
4.17
3.8965
3.6556
3.446
3.266
3.1138
2.9877
2.8865
2.8088
2.7535
2.7189
2.7039
2.707
2.7279
2.7663
2.822
2.8946
2.984
3.0901
3.2127
3.3523
3.5096
3.6853
3.8801
4.0946
4.3298
4.5865
4.8653
5.1668
5.4925
5.8439
6.2215
6.6256
7.0559
7.5114
7.991
8.4926
9.0138
9.5514
10.1
10.652
11.2
11.735
12.245
12.718
13.143
13.506
13.792
13.99
14.089
14.085
13.977
13.763
13.448
13.039
12.546
11.982
11.363
10.704
10.02
9.3251
8.6327
7.9536
7.2968
6.6693
6.0766
5.5224
5.0087
4.5369
4.1072
3.7187
3.37
3.0593
2.7845
2.5433
2.3333
2.1518
1.9969
1.8668
1.7594
1.6729
1.605
1.5538
1.5182
1.4974
1.4904
1.4965
1.515
1.545
1.5863
1.6389
1.7029
1.7785
1.8656
1.9647
2.0762
2.2008
2.3393
2.4926
2.6618
2.8479
3.0522
3.276
3.5207
3.788
4.08
4.3984
4.7448
5.1206
5.5271
5.9655
6.4368
6.9417
7.4809
8.055
8.6639
9.3027
9.9662
10.648
11.34
12.03
12.704
13.345
13.939
14.463
14.893
15.212
15.403
15.456
15.365
15.127
14.745
14.229
13.594
12.861
12.052
11.191
10.301
9.4006
8.5095
7.6416
6.8087
6.0196
5.28
4.5937
3.9624
3.3861
2.8633
2.3913
1.9675
1.5884
1.2506
0.94996
0.68276
0.44552
0.23474
0.04697
-0.12124
-0.27277
-0.41004
-0.53542
-0.65128
-0.75996
-0.86342
-0.96321
-1.0609
-1.1579
-1.256
-1.3564
-1.4604
-1.569
-1.6835
-1.8052
-1.9353
-2.0754
-2.2265
-2.3897
-2.5665
-2.7582
-2.9665
-3.1933
-3.4403
-3.709
-4.0013
-4.3187
-4.6631
-5.0364
-5.4404
-5.8771
-6.3459
-6.8476
-7.3849
-7.9584
-8.5669
-9.2072
-9.8741
-10.56
-11.257
-11.953
-12.636
-13.291
-13.896
-14.432
-14.879
-15.218
-15.433
-15.509
-15.438
-15.214
-14.841
-14.331
-13.703
-12.975
-12.169
-11.307
-10.411
-9.504
-8.6031
-7.724
-6.8793
-6.0781
-5.3269
-4.6294
-3.987
-3.3999
-2.867
-2.386
-1.9537
-1.5667
-1.2215
-0.91448
-0.64178
-0.39941
-0.18332
0.0097115
0.18263
0.33836
0.47976
0.6096
0.73012
0.84331
0.95109
1.0554
1.158
1.2606
1.3642
1.4703
1.5804
1.6957
1.8178
1.9477
2.0866
2.2356
2.3962
2.57
2.7585
2.9632
3.1855
3.4269
3.689
3.9737
4.2827
4.6183
4.9819
5.375
5.7998
6.2577
6.7497
7.2756
7.8349
8.4262
9.0474
9.6951
10.363
11.043
11.726
12.399
13.046
13.651
14.195
14.66
15.022
15.263
15.37
15.337
15.162
14.842
14.386
13.808
13.125
12.356
11.527
10.659
9.7732
8.8886
8.021
7.183
6.3846
5.6326
4.9316
4.2841
3.6911
3.1515
2.6635
2.2242
1.8307
1.4796
1.1673
0.88977
0.64354
0.42524
0.2315
0.05897
-0.095575
-0.23465
-0.36054
-0.47555
-0.58191
-0.68183
-0.77694
-0.86873
-0.95864
-1.0482
-1.1388
-1.2316
-1.3278
-1.4283
-1.5344
-1.6474
-1.7685
-1.8988
-2.0393
-2.1913
-2.356
-2.535
-2.7299
-2.9424
-3.174
-3.4263
-3.7009
-3.9998
-4.3249
-4.6782
-5.0619
-5.4772
-5.9252
-6.4088
-6.9295
-7.4876
-8.082
-8.7106
-9.3697
-10.055
-10.759
-11.474
-12.188
-12.884
-13.547
-14.156
-14.69
-15.131
-15.455
-15.642
-15.68
-15.562
-15.29
-14.87
-14.311
-13.632
-12.854
-12
-11.097
-10.166
-9.2308
-8.3086
-7.4145
-6.5597
-5.7529
-4.9992
-4.3018
-3.6619
-3.0791
-2.5512
-2.0754
-1.6483
-1.2664
-0.92582
-0.62236
-0.35185
-0.11059
0.10501
0.29853
0.47346
0.63284
0.77927
0.91526
1.0433
1.1658
1.2847
1.4017
1.5185
1.6368
1.7583
1.8846
2.017
2.1568
2.3052
2.4638
2.6341
2.8179
3.0165
3.2311
3.4633
3.7146
3.9868
4.2816
4.6011
4.9465
5.3196
5.7219
6.1546
6.6183
7.1132
7.6391
8.1953
8.78
9.3893
10.019
10.662
11.31
11.953
12.576
13.164
13.705
14.178
14.562
14.84
15
15.033
14.935
14.706
14.346
13.865
13.278
12.6
11.853
11.057
10.233
9.3977
8.5691
7.7603
6.982
6.2427
5.548
4.9016
4.3056
3.7604
3.2652
2.818
2.4164
2.0575
1.7382
1.4553
1.2051
0.9846
0.79079
0.62069
0.47129
0.33968
0.22361
0.12116
0.030411
-0.050529
-0.12355
-0.19017
-0.25153
-0.30875
-0.36297
-0.41526
-0.46651
-0.51747
-0.5689
-0.62158
-0.67628
-0.73371
-0.79445
-0.85914
-0.92848
-1.0033
-1.0844
-1.1726
-1.2686
-1.3733
-1.4876
-1.6127
-1.7498
-1.9002
-2.0655
-2.2469
-2.4459
-2.6643
-2.9038
-3.1667
-3.4552
-3.7718
-4.1184
-4.4978
-4.9128
-5.3661
-5.8597
-6.3952
-6.974
-7.5968
-8.2638
-8.9737
-9.7219
-10.504
-11.313
-12.136
-12.957
-13.756
-14.51
-15.194
-15.779
-16.235
-16.538
-16.67
-16.616
-16.369
-15.932
-15.318
-14.548
-13.654
-12.663
-11.609
-10.52
-9.4254
-8.3464
-7.3023
-6.3071
-5.3709
-4.4998
-3.6972
-2.9629
-2.2952
-1.6914
-1.1479
-0.6604
-0.22339
0.16821
0.51907
0.83397
1.1178
1.3756
1.6121
1.8311
2.0358
2.2294
2.4152
2.5965
2.7761
2.9562
3.1387
3.3258
3.5194
3.7219
3.9351
4.1606
4.3995
4.6532
4.9231
5.2106
5.5169
5.8433
6.19
6.5578
6.9465
7.3559
7.7848
8.2318
8.6948
9.1711
9.6567
10.146
10.633
11.11
11.569
12
12.394
12.741
13.03
13.25
13.391
13.448
13.417
13.299
13.095
12.807
12.442
12.009
11.518
10.981
10.41
9.8189
9.2173
8.6167
8.0262
7.4535
6.9048
6.385
5.8976
5.4447
5.0277
4.6471
4.3029
3.9944
3.7203
3.4791
3.2693
3.0892
2.9371
2.8111
2.7091
2.6294
2.5714
2.5341
2.5168
2.5182
2.5374
2.5733
2.6245
2.6913
2.7741
2.8732
2.9886
3.1207
3.2698
3.4363
3.6211
3.8249
4.0489
4.294
4.5613
4.8516
5.166
5.5055
5.8709
6.2624
6.6811
7.1273
7.6007
8.0996
8.6217
9.1638
9.7214
10.289
10.861
11.427
11.976
12.497
12.977
13.402
13.759
14.035
14.215
14.29
14.254
14.105
13.848
13.487
13.031
12.492
11.885
11.225
10.529
9.8117
9.0888
8.3728
7.6749
7.0037
6.3659
5.7665
5.2085
4.6934
4.2218
3.7937
3.4077
3.0621
2.7546
2.483
2.2447
2.0369
1.8574
1.7037
1.5737
1.4652
1.3759
1.304
1.248
1.2067
1.1789
1.1633
1.159
1.1653
1.1818
1.2082
1.2442
1.2894
1.3438
1.4075
1.481
1.5644
1.6585
1.7636
1.8803
2.0097
2.1526
2.31
2.4831
2.6731
2.8815
3.1099
3.36
3.6336
3.9322
4.2578
4.613
5.0002
5.421
5.8769
6.3691
6.8982
7.4646
8.068
8.7082
9.383
10.086
10.81
11.547
12.283
13.003
13.688
14.321
14.877
15.331
15.66
15.848
15.883
15.759
15.472
15.029
14.441
13.728
12.913
12.023
11.084
10.119
9.1524
8.2014
7.2812
6.4036
5.5767
4.8058
4.094
3.4421
2.849
2.312
1.8283
1.3944
1.0063
0.6599
0.35057
0.074342
-0.17276
-0.39468
-0.59532
-0.77807
-0.94582
-1.1014
-1.2477
-1.3874
-1.5227
-1.6556
-1.7879
-1.9215
-2.0584
-2.2005
-2.3491
-2.5055
-2.6713
-2.848
-3.0373
-3.241
-3.4606
-3.6973
-3.9527
-4.2281
-4.5252
-4.8458
-5.1915
-5.5632
-5.9623
-6.39
-6.847
-7.333
-7.8471
-8.3876
-8.952
-9.5371
-10.138
-10.747
-11.355
-11.953
-12.527
-13.063
-13.547
-13.964
-14.297
-14.529
-14.648
-14.648
-14.527
-14.286
-13.927
-13.46
-12.898
-12.257
-11.554
-10.808
-10.038
-9.2594
-8.4873
-7.7338
-7.0087
-6.3195
-5.6716
-5.0683
-4.5116
-4.0022
-3.5394
-3.1217
-2.7469
-2.4126
-2.1162
-1.8546
-1.6247
-1.4239
-1.2495
-1.0986
-0.96874
-0.8575
-0.76298
-0.68335
-0.61685
-0.56181
-0.51687
-0.48098
-0.45314
-0.43242
-0.418
-0.40931
-0.40588
-0.40729
-0.41315
-0.42318
-0.43726
-0.45534
-0.4774
-0.50342
-0.53346
-0.56767
-0.60629
-0.64961
-0.69794
-0.75168
-0.81124
-0.87716
-0.9501
-1.0306
-1.1194
-1.2172
-1.325
-1.4438
-1.5748
-1.7194
-1.879
-2.0552
-2.2497
-2.464
-2.7
-2.9599
-3.2459
-3.5606
-3.9068
-4.2875
-4.7057
-5.162
-5.6604
-6.2052
-6.799
-7.4433
-8.1374
-8.8794
-9.6658
-10.491
-11.349
-12.228
-13.109
-13.974
-14.795
-15.545
-16.193
-16.707
-17.053
-17.206
-17.151
-16.886
-16.411
-15.742
-14.903
-13.924
-12.841
-11.692
-10.509
-9.325
-8.1632
-7.0437
-5.9812
-4.9853
-4.0621
-3.2143
-2.4415
-1.7408
-1.1082
-0.5394
-0.029367
0.4273
0.83679
1.2051
1.537
1.8373
2.1109
2.3629
2.5982
2.8207
3.0335
3.2394
3.4414
3.6425
3.8456
4.0531
4.2666
4.4877
4.7181
4.9594
5.2134
5.4815
5.7646
6.0632
6.3777
6.7084
7.0551
7.4176
7.7953
8.1866
8.5892
9.0008
9.4181
9.8369
10.252
10.659
11.049
11.417
11.753
12.05
12.301
12.497
12.633
12.702
12.702
12.632
12.493
12.285
12.013
11.684
11.303
10.88
10.423
9.9429
9.4479
8.947
8.4482
7.9585
7.4839
7.0291
6.598
6.1937
5.8179
5.472
5.1568
4.8725
4.619
4.3955
4.201
4.0347
3.8954
3.7822
3.6939
3.6293
3.587
3.5653
3.5642
3.5836
3.6232
3.683
3.7626
3.8615
3.9792
4.115
4.2684
4.4406
4.6323
4.8443
5.0768
5.3303
5.6051
5.9015
6.2195
6.558
6.9174
7.2983
7.7003
8.122
8.561
9.0142
9.4775
9.9457
10.413
10.872
11.317
11.738
12.126
12.47
12.761
12.991
13.151
13.236
13.24
13.161
12.997
12.751
12.43
12.041
11.595
11.101
10.571
10.015
9.4464
8.8737
8.3059
7.7509
7.2157
6.7056
6.2244
5.7749
5.3593
4.9785
4.6329
4.3218
4.0444
3.7996
3.586
3.4023
3.2468
3.1176
3.0134
2.9331
2.8753
2.839
2.8228
2.8255
2.8462
2.8845
2.9404
3.0136
3.1041
3.2117
3.3364
3.4783
3.6382
3.8166
4.0143
4.2321
4.4708
4.731
5.0137
5.3193
5.6477
6.0008
6.3798
6.7851
7.2165
7.6728
8.1523
8.6524
9.1697
9.7001
10.239
10.779
11.313
11.829
12.316
12.764
13.16
13.491
13.746
13.914
13.984
13.95
13.813
13.575
13.243
12.821
12.322
11.759
11.146
10.496
9.8255
9.1474
8.4737
7.8147
7.179
6.5732
6.0022
5.4694
4.9764
4.5241
4.1126
3.7413
3.4088
3.1131
2.8523
2.6243
2.4268
2.2574
2.1138
1.9941
1.8966
1.8198
1.762
1.7214
1.6965
1.6864
1.6904
1.7081
1.7389
1.7824
1.8381
1.9059
1.986
2.0789
2.1849
2.3044
2.4382
2.5867
2.7511
2.9323
3.1316
3.35
3.589
3.8501
4.1346
4.4444
4.7809
5.1451
5.5391
5.9648
6.4234
6.9154
7.4404
7.9973
8.5844
9.199
9.8376
10.494
11.159
11.822
12.471
13.092
13.665
14.176
14.605
14.93
15.135
15.209
15.147
14.946
14.608
14.142
13.56
12.88
12.122
11.31
10.463
9.6022
8.7447
7.9055
7.0961
6.3259
5.6011
4.9261
4.303
3.7326
3.214
2.7451
2.3235
1.9462
1.61
1.3114
1.0467
0.81248
0.60565
0.42299
0.26131
0.11753
-0.01072
-0.12556
-0.22909
-0.32341
-0.41057
-0.49215
-0.56947
-0.64386
-0.71663
-0.78904
-0.86212
-0.93678
-1.014
-1.0947
-1.1801
-1.271
-1.3684
-1.4731
-1.5861
-1.7086
-1.8417
-1.9868
-2.1452
-2.3179
-2.5065
-2.7124
-2.9374
-3.1834
-3.4525
-3.7466
-4.0678
-4.4184
-4.8003
-5.2157
-5.6663
-6.1539
-6.6801
-7.2462
-7.851
-8.4944
-9.1751
-9.8889
-10.629
-11.386
-12.147
-12.897
-13.621
-14.294
-14.894
-15.396
-15.779
-16.021
-16.107
-16.024
-15.767
-15.341
-14.762
-14.052
-13.23
-12.325
-11.361
-10.366
-9.3641
-8.3748
-7.4154
-6.4989
-5.6344
-4.8279
-4.0824
-3.3986
-2.776
-2.2125
-1.7048
-1.2488
-0.84057
-0.47578
-0.14998
0.14149
0.40337
0.6396
0.85368
1.0491
1.2293
1.3978
1.5575
1.7107
1.8598
2.007
2.1545
2.3047
2.4594
2.6199
2.7879
2.965
3.1531
3.354
3.5693
3.8002
4.0481
4.3145
4.6009
4.9088
5.24
5.5952
5.9756
6.3822
6.8155
7.2751
7.7602
8.2693
8.8003
9.3502
9.9141
10.486
11.058
11.62
12.162
12.672
13.136
13.542
13.874
14.116
14.259
14.294
14.219
14.034
13.741
13.345
12.858
12.292
11.663
10.987
10.28
9.5578
8.8351
8.1237
7.4336
6.7728
6.1474
5.5615
5.0176
4.5172
4.0606
3.6471
3.2751
2.9428
2.6479
2.3879
2.1603
1.9625
1.7922
1.647
1.5244
1.4223
1.3388
1.2724
1.2215
1.1848
1.1608
1.1486
1.1476
1.1571
1.1766
1.2058
1.244
1.2915
1.3482
1.4143
1.4903
1.5763
1.6727
1.7803
1.8998
2.0321
2.178
2.3386
2.5153
2.7093
2.922
3.1552
3.4107
3.6905
3.9963
4.3301
4.6935
5.0881
5.5156
5.9774
6.4749
7.0096
7.5826
8.1952
8.8464
9.5296
10.24
10.971
11.712
12.449
13.166
13.844
14.464
15
15.428
15.73
15.888
15.889
15.728
15.402
14.919
14.296
13.553
12.716
11.809
10.86
9.8905
8.923
7.9751
7.0614
6.1926
5.3764
4.6176
3.9186
3.2793
2.6982
2.1729
1.7004
1.277
0.89811
0.55952
0.25742
-0.012091
-0.25305
-0.46964
-0.66612
-0.84595
-1.0117
-1.1659
-1.3113
-1.4505
-1.5861
-1.7202
-1.8543
-1.9902
-2.1297
-2.2747
-2.4269
-2.5878
-2.7587
-2.9409
-3.136
-3.3458
-3.572
-3.8163
-4.0799
-4.3643
-4.671
-5.0014
-5.357
-5.7392
-6.1491
-6.5863
-7.0521
-7.5473
-8.0708
-8.6207
-9.1934
-9.784
-10.387
-10.993
-11.596
-12.183
-12.74
-13.252
-13.705
-14.084
-14.373
-14.561
-14.635
-14.587
-14.415
-14.121
-13.716
-13.211
-12.618
-11.955
-11.238
-10.487
-9.7166
-8.9438
-8.1822
-7.443
-6.7351
-6.0654
-5.4385
-4.8572
-4.3225
-3.8344
-3.3921
-2.9939
-2.6376
-2.3204
-2.0398
-1.7929
-1.5768
-1.3886
-1.2252
-1.0844
-0.96383
-0.86132
-0.77476
-0.70229
-0.64241
-0.59375
-0.55503
-0.52505
-0.50288
-0.48782
-0.47919
-0.4764
-0.47893
-0.48649
-0.49889
-0.51597
-0.53759
-0.56366
-0.59423
-0.62947
-0.6696
-0.71485
-0.76553
-0.82198
-0.88466
-0.95412
-1.0309
-1.1157
-1.2091
-1.3123
-1.4259
-1.5512
-1.6895
-1.8422
-2.0104
-2.1956
-2.3993
-2.6233
-2.8696
-3.1405
-3.4386
-3.7665
-4.1272
-4.5227
-4.955
-5.4282
-5.9456
-6.5091
-7.1199
-7.7781
-8.483
-9.2325
-10.024
-10.851
-11.703
-12.567
