0.23552
0.72017
0.80607
0.62526
0.93721
0.23538
0.71988
0.8066
0.62398
0.93849
0.2309
0.71032
0.82304
0.58256
0.97271
0.10618
0.37963
0.94202
0.21848
0.68297
0.86607
0.46397
0.99478
0.020763
0.081327
0.29885
0.83813
0.54267
0.99269
0.029015
0.11269
0.39996
0.95994
0.15381
0.5206
0.99828
0.0068745
0.027308
0.10625
0.37982
0.94221
0.2178
0.68144
0.86829
0.45744
0.99273
0.028868
0.11214
0.39823
0.95855
0.15892
0.53464
0.99518
0.019204
0.075339
0.27865
0.80399
0.63034
0.93202
0.25343
0.75679
0.73621
0.7768
0.69351
0.8502
0.50943
0.99962
0.0015213
0.0060759
0.024155
0.094284
0.34157
0.89958
0.36134
0.92307
0.28404
0.81342
0.60705
0.95414
0.17502
0.57754
0.97593
0.093965
0.34053
0.89826
0.36555
0.92767
0.26839
0.78541
0.67416
0.87866
0.42647
0.97835
0.084736
0.31022
0.85591
0.49331
0.9998
0.00081544
0.003259
0.012993
0.051296
0.19466
0.62704
0.93542
0.24164
0.73299
0.78285
0.67997
0.87042
0.45114
0.99042
0.037933
0.14597
0.49865
0.99997
0.00012915
0.00051651
0.0020649
0.0082424
0.032697
0.12651
0.44201
0.98652
0.053184
0.20142
0.64337
0.91775
0.30192
0.84304
0.52928
0.99655
0.013764
0.054298
0.2054
0.65282
0.90657
0.33881
0.89605
0.37258
0.93503
0.24298
0.73575
0.77767
0.69159
0.85316
0.5011
0.99997
0.00011946
0.00047777
0.0019101
0.0076256
0.030269
0.11741
0.41449
0.97073
0.11367
0.40298
0.96233
0.14501
0.49593
0.99991
0.00036519
0.0014602
0.005832
0.023191
0.090612
0.3296
0.88383
0.41069
0.96807
0.12364
0.4334
0.98224
0.069796
0.25969
0.76899
0.71057
0.82262
0.58365
0.97199
0.1089
0.38816
0.94994
0.19021
0.6161
0.94606
0.20412
0.64981
0.9102
0.32694
0.88017
0.42187
0.97556
0.095385
0.34514
0.90405
0.34698
0.90631
0.33963
0.89711
0.36921
0.93156
0.25503
0.75994
0.72971
0.78891
0.66612
0.8896
0.39285
0.95405
0.17534
0.57838
0.9754
0.095965
0.34701
0.90636
0.33948
0.89691
0.36983
0.9322
0.25282
0.7556
0.73867
0.77213
0.70375
0.83392
0.55398
0.98832
0.046175
0.17617
0.58052
0.97404
0.10113
0.36361
0.92556
0.27557
0.79851
0.64354
0.91756
0.30257
0.84407
0.52646
0.99717
0.011272
0.04458
0.17037
0.56535
0.98289
0.067258
0.25093
0.75184
0.74628
0.75736
0.73504
0.77901
0.6886
0.8577
0.48818
0.99942
0.0023346
0.0093164
0.036918
0.14222
0.48795
0.99939
0.0024222
0.0096652
0.038286
0.14728
0.50234
0.99995
0.00018728
0.00074896
0.0029935
0.011938
0.047181
0.17981
0.58991
0.96764
0.12524
0.43821
0.98471
0.060242
0.22644
0.70065
0.83893
0.54049
0.99342
0.02615
0.10186
0.36594
0.92809
0.26695
0.78273
0.68024
0.87003
0.4523
0.99087
0.036175
0.13946
0.48003
0.99838
0.0064676
0.025702
0.10016
0.36052
0.92215
0.28713
0.81873
0.59362
0.96492
0.13541
0.46828
0.99595
0.016133
0.063488
0.23782
0.72503
0.79742
0.64615
0.91454
0.31262
0.85953
0.48294
0.99881
0.0047494
0.018907
0.074197
0.27476
0.79705
0.64704
0.91349
0.31608
0.86467
0.46804
0.99589
0.016378
0.064436
0.24113
0.73193
0.78482
0.6755
0.87678
0.43215
0.98156
0.072398
0.26862
0.78583
0.67319
0.88
0.42238
0.97587
0.094177
0.34122
0.89913
0.36276
0.92463
0.27874
0.80415
0.62995
0.93243
0.25202
0.754
0.74191
0.7659
0.71718
0.81131
0.61233
0.9495
0.19178
0.61998
0.9424
0.21714
0.67994
0.87046
0.45102
0.99038
0.038116
0.14665
0.50056
0.99997
0.00010498
0.00041986
0.0016787
0.0067033
0.026633
0.10369
0.37175
0.93418
0.24594
0.7418
0.76612
0.71671
0.81212
0.61031
0.95131
0.18528
0.6038
0.95688
0.16504
0.55121
0.98949
0.041609
0.15951
0.53625
0.99472
0.02101
0.08227
0.302
0.84316
0.52894
0.99662
0.013456
0.0531
0.20112
0.64266
0.91857
0.29919
0.83868
0.54117
0.9932
0.027031
0.1052
0.37651
0.93898
0.22918
0.7066
0.82925
0.56638
0.98235
0.069341
0.25813
0.76597
0.71703
0.81158
0.61166
0.9501
0.18963
0.61467
0.94738
0.1994
0.63855
0.92319
0.28363
0.81272
0.6088
0.95262
0.18052
0.59172
0.96633
0.13015
0.45283
0.99108
0.035377
0.1365
0.47146
0.99672
0.013091
0.051678
0.19602
0.63038
0.93198
0.25356
0.75704
0.7357
0.77776
0.69137
0.85348
0.50019
0.99997
0.00010056
0.0004022
0.0016081
0.006422
0.025522
0.099481
0.35833
0.91969
0.29542
0.83256
0.55759
0.98671
0.052457
0.19882
0.63714
0.92475
0.27835
0.80347
0.6316
0.9307
0.25799
0.7657
0.7176
0.81058
0.61414
0.94786
0.19768
0.63439
0.92773
0.26818
0.78503
0.67502
0.87745
0.43013
0.98045
0.076683
0.2832
0.81198
0.61067
0.95098
0.18645
0.60672
0.95442
0.174
0.57489
0.97754
0.087821
0.32043
0.87099
0.44945
0.98976
0.040559
0.15565
0.52568
0.99734
0.010626
0.042052
0.16113
0.54065
0.99336
0.026366
0.10268
0.36855
0.93086
0.25745
0.76466
0.71981
0.80672
0.62368
0.93879
0.22986
0.70809
0.82678
0.57286
0.97874
0.083221
0.30517
0.84815
0.51516
0.99906
0.0037726
0.015033
0.059228
0.22287
0.69279
0.85131
0.5063
0.99982
0.00073519
0.0029385
0.011719
0.046327
0.17672
0.58194
0.97312
0.10463
0.37472
0.9372
0.23542
0.71998
0.80642
0.62441
0.93806
0.2324
0.71355
0.81757
0.59659
0.96266
0.14378
0.49241
0.99974
0.0010226
0.0040862
0.016278
0.064049
0.23978
0.72912
0.78999
0.66361
0.8929
0.38249
0.94475
0.2088
0.66079
0.89656
0.37095
0.93336
0.24879
0.74756
0.75483
0.74022
0.76915
0.71021
0.82322
0.5821
0.97301
0.10503
0.37599
0.93847
0.23099
0.71051
0.82273
0.58338
0.97217
0.10822
0.38604
0.94803
0.19708
0.63294
0.92928
0.26286
0.77504
0.6974
0.84411
0.52633
0.9972
0.011161
0.044146
0.16878
0.56117
0.98501
0.05906
0.22228
0.69148
0.85332
0.50063
0.99997
0.00010643
0.00042567
0.0017019
0.006796
0.026998
0.10508
0.37613
0.9386
0.23051
0.70949
0.82443
0.57895
0.97504
0.097343
0.35146
0.91172
0.32193
0.87314
0.44305
0.987
0.051318
0.19473
0.62724
0.93522
0.24233
0.7344
0.78021
0.68591
0.86173
0.47658
0.99778
0.0088534
0.035099
0.13547
0.46845
0.99599
0.015964
0.062837
0.23555
0.72024
0.80595
0.62555
0.93692
0.23639
0.72202
0.8028
0.63322
0.92898
0.26389
0.77698
0.69311
0.85081
0.50771
0.99974
0.0010498
0.0041945
0.016707
0.065711
0.24557
0.74103
0.76759
0.71357
0.81754
0.59666
0.9626
0.14399
0.49301
0.99978
0.00088141
0.0035224
0.01404
0.055369
0.20921
0.66175
0.89533
0.37484
0.93732
0.235
0.71909
0.80798
0.62058
0.94182
0.21919
0.68456
0.86374
0.47078
0.99656
0.013717
0.054115
0.20474
0.65128
0.90844
0.3327
0.88802
0.39774
0.95815
0.16039
0.53864
0.994
0.023844
0.0931
0.33772
0.89464
0.37702
0.93948
0.22742
0.70277
0.83551
0.54972
0.99009
0.039256
0.15086
0.51238
0.99936
0.0025507
0.010177
0.040291
0.15467
0.52297
0.99786
0.0085232
0.033801
0.13063
0.45426
0.99161
0.033295
0.12874
0.44866
0.98943
0.041829
0.16032
0.53844
0.99406
0.023604
0.092184
0.33474
0.89073
0.38931
0.95097
0.18652
0.6069
0.95427
0.17455
0.57632
0.97667
0.091123
0.33127
0.8861
0.4037
0.96288
0.14296
0.49007
0.99958
0.0016759
0.0066922
0.026589
0.10353
0.37122
0.93364
0.24781
0.74558
0.75874
0.7322
0.78431
0.67666
0.87514
0.43706
0.98413
0.062464
0.23424
0.71748
0.81079
0.61362
0.94834
0.19596
0.63022
0.93215
0.253
0.75594
0.73797
0.77347
0.70084
0.83864
0.54128
0.99316
0.027182
0.10577
0.37832
0.94075
0.22296
0.69298
0.85102
0.50714
0.99977
0.00091557
0.0036589
0.014581
0.057474
0.21668
0.6789
0.87196
0.44657
0.98856
0.045254
0.17282
0.5718
0.97935
0.080882
0.29735
0.83572
0.54916
0.99031
0.038391
0.14767
0.50343
0.99993
0.00028831
0.0011529
0.0046061
0.018339
0.07201
0.26729
0.78337
0.6788
0.8721
0.44615
0.98838
0.045954
0.17536
0.57843
0.97537
0.096094
0.34743
0.90687
0.33782
0.89477
0.37661
0.93908
0.22883
0.70586
0.83047
0.56315
0.98402
0.062889
0.23573
0.72063
0.80527
0.62722
0.93524
0.24225
0.73424
0.7805
0.68527
0.86268
0.47383
0.99724
0.011024
0.043611
0.16683
0.55598
0.98744
0.049605
0.18857
0.61204
0.94976
0.19085
0.61768
0.94458
0.20939
0.66216
0.89479
0.37655
0.93902
0.22906
0.70634
0.82968
0.56524
0.98295
0.067027
0.25013
0.75025
0.74949
0.75101
0.74797
0.75403
0.74185
0.76602
0.71692
0.81177
0.61119
0.95052
0.18811
0.61088
0.9508
0.18712
0.60842
0.95296
0.1793
0.5886
0.96857
0.12175
0.42769
0.97906
0.082005
0.30111
0.84175
0.5328
0.99567
0.01724
0.067769
0.2527
0.75535
0.73917
0.77117
0.70585
0.83048
0.56311
0.98405
0.062799
0.23541
0.71996
0.80645
0.62433
0.93814
0.23212
0.71295
0.81858
0.594
0.96463
0.13647
0.47136
0.99669
0.013179
0.052021
0.19725
0.63336
0.92883
0.2644
0.77796
0.69094
0.85415
0.4983
0.99996
0.00014639
0.00058546
0.0023404
0.0093395
0.037008
0.14255
0.48891
0.99948
0.0020671
0.0082511
0.032731
0.12664
0.44239
0.9867
0.052495
0.19895
0.63747
0.92439
0.27957
0.80563
0.62635
0.93612
0.23918
0.72788
0.79226
0.65832
0.89971
0.3609
0.92258
0.28568
0.81625
0.59993
0.96003
0.15348
0.51968
0.99843
0.0062852
0.024982
0.09743
0.35174
0.91205
0.32084
0.87158
0.44769
0.98903
0.043394
0.16604
0.55387
0.98837
0.045981
0.17546
0.57869
0.97521
0.096715
0.34944
0.9093
0.32989
0.88422
0.40948
0.9672
0.1269
0.44319
0.98706
0.051073
0.19385
0.62508
0.93739
0.23474
0.71853
0.80897
0.61815
0.94414
0.21094
0.66577
0.89006
0.39139
0.95279
0.1799
0.59014
0.96748
0.12586
0.44006
0.9856
0.056759
0.21414
0.67313
0.88009
0.42213
0.97572
0.094765
0.34313
0.90155
0.35504
0.91592
0.30804
0.85258
0.50274
0.99995
0.00021987
0.00087927
0.0035139
0.014006
0.055238
0.20874
0.66065
0.89674
0.37039
0.93278
0.2508
0.75159
0.74679
0.75635
0.73712
0.77508
0.69731
0.84425
0.52595
0.99728
0.010841
0.042893
0.16421
0.54896
0.99039
0.038088
0.14655
0.50027
0.99997
0.00010117
0.00040462
0.0016178
0.0064605
0.025674
0.10006
0.36018
0.92178
0.28842
0.82091
0.58806
0.96896
0.12031
0.42333
0.97646
0.091936
0.33393
0.88966
0.39266
0.95389
0.17593
0.5799
0.97444
0.099622
0.35878
0.92021
0.2937
0.82974
0.56508
0.98303
0.066715
0.24905
0.74807
0.75382
0.74229
0.76516
0.71874
0.8086
0.61906
0.94328
0.21401
0.67282
0.88051
0.42084
0.97491
0.097842
0.35307
0.91362
0.31567
0.86406
0.46983
0.99633
0.014612
0.057594
0.2171
0.67986
0.87058
0.45066
0.99024
0.038671
0.1487
0.50633
0.99981
0.00074123
0.0029626
0.011815
0.046701
0.17808
0.58545
0.97077
0.11349
0.40243
0.9619
0.1466
0.50041
0.99997
0.00010268
0.00041068
0.001642
0.0065571
0.026056
0.1015
0.3648
0.92686
0.27117
0.79052
0.66237
0.89453
0.37739
0.93984
0.22615
0.70001
0.83997
0.53767
0.9943
0.022678
0.088652
0.32316
0.87489
0.4378
0.9845
0.061028
0.22921
0.70667
0.82913
0.56668
0.98219
0.069962
0.26026
0.77008
0.7082
0.82659
0.57334
0.97846
0.084291
0.30874
0.85365
0.49971
0.99997
0.00010133
0.00040528
0.0016204
0.006471
0.025716
0.10022
0.36068
0.92234
0.28651
0.81767
0.59633
0.96286
0.14305
0.49034
0.9996
0.0015914
0.0063551
0.025258
0.098479
0.35511
0.91601
0.30774
0.85212
0.50403
0.99991
0.00035999
0.0014394
0.0057491
0.022864
0.089362
0.3255
0.87817
0.42793
0.9792
0.08147
0.29932
0.8389
0.54059
0.99339
0.02628
0.10236
0.3675
0.92976
0.26123
0.77194
0.70418
0.83321
0.55586
0.98749
0.049397
0.18782
0.61017
0.95143
0.18484
0.60269
0.95779
0.1617
0.54219
0.99285
0.028379
0.11029
0.3925
0.95375
0.17643
0.58119
0.97361
0.10277
0.36883
0.93115
0.25643
0.76267
0.724
0.79927
0.64173
0.91963
0.29563
0.83291
0.55666
0.98713
0.050801
0.19288
0.62268
0.93977
0.2264
0.70056
0.83908
0.54007
0.99355
0.025627
0.099877
0.3596
0.92113
0.2906
0.82459
0.57854
0.9753
0.096357
0.34828
0.9079
0.33446
0.89036
0.39047
0.95199
0.18282
0.59757
0.9619
0.1466
0.50043
0.99997
0.00010293
0.00041165
0.0016459
0.0065726
0.026117
0.10174
0.36554
0.92765
0.26844
0.7855
0.67394
0.87896
0.42554
0.9778
0.086822
0.31713
0.86621
0.46355
0.99466
0.021242
0.083161
0.30497
0.84783
0.51603
0.99895
0.0042072
0.016757
0.065905
0.24624
0.7424
0.76494
0.7192
0.80778
0.62106
0.94136
0.22082
0.68821
0.85829
0.48649
0.99925
0.0030165
0.012029
0.047537
0.1811
0.59321
0.96523
0.13425
0.46491
0.99505
0.019707
0.077273
0.2852
0.81542
0.60202
0.95834
0.15969
0.53673
0.99458
0.021569
0.084412
0.30914
0.85427
0.49796
0.99996
0.00016648
0.0006658
0.0026614
0.010617
0.042015
0.161
0.54029
0.99348
0.025905
0.10093
0.36297
0.92487
0.27794
0.80274
0.63337
0.92883
0.26442
0.778
0.69086
0.85427
0.49795
0.99996
0.00016726
0.00066892
0.0026738
0.010666
0.04221
0.16171
0.54222
0.99284
0.028416
0.11043
0.39293
0.95412
0.17508
0.5777
0.97583
0.094357
0.34181
0.89988
0.36038
0.922
0.28765
0.81961
0.59138
0.96657
0.12923
0.45011
0.99002
0.039531
0.15187
0.5152
0.99905
0.0037945
0.01512
0.059563
0.22406
0.6954
0.84725
0.51766
0.99873
0.0050854
0.020238
0.07931
0.29207
0.82704
0.57215
0.97915
0.081652
0.29993
0.83987
0.53793
0.99422
0.022986
0.089827
0.32703
0.8803
0.42149
0.97532
0.09629
0.34806
0.90764
0.33532
0.8915
0.38692
0.94882
0.19422
0.62599
0.93649
0.23791
0.72522
0.79708
0.64697
0.91358
0.31579
0.86425
0.46928
0.9962
0.015138
0.059633
0.2243
0.69595
0.8464
0.52002
0.99837
0.0064992
0.025827
0.10064
0.36203
0.92384
0.28144
0.80891
0.61829
0.944
0.21143
0.6669
0.88855
0.39611
0.9568
0.16533
0.55198
0.98917
0.042852
0.16406
0.54856
0.99054
0.037476
0.14428
0.49385
0.99982
0.00070569
0.0028207
0.011251
0.044495
0.17006
0.56454
0.98331
0.065627
0.24528
0.74044
0.76873
0.71112
0.82169
0.58605
0.97036
0.11505
0.40725
0.96557
0.13298
0.46117
0.99395
0.024072
0.093969
0.34055
0.89828
0.36549
0.92761
0.2686
0.7858
0.67325
0.87992
0.42265
0.97604
0.093538
0.33915
0.89648
0.3712
0.93362
0.24788
0.74573
0.75846
0.73278
0.78323
0.6791
0.87167
0.44744
0.98893
0.043803
0.16753
0.55785
0.98659
0.052927
0.2005
0.64117
0.92026
0.29353
0.82946
0.5658
0.98266
0.068171
0.25409
0.75809
0.73354
0.78182
0.6823
0.86705
0.46109
0.99392
0.024179
0.094374
0.34186
0.89995
0.36016
0.92176
0.28847
0.82101
0.5878
0.96914
0.11964
0.42128
0.97519
0.096774
0.34963
0.90953
0.32913
0.8832
0.41263
0.96944
0.11849
0.4178
0.97295
0.10527
0.37674
0.9392
0.22839
0.7049
0.83205
0.55896
0.98607
0.054949
0.20771
0.65825
0.8998
0.36063
0.92228
0.2867
0.81799
0.59551
0.96349
0.1407
0.48361
0.9989
0.0043906
0.017485
0.068714
0.25596
0.76177
0.72589
0.79587
0.64982
0.91019
0.32698
0.88023
0.4217
0.97545
0.095787
0.34644
0.90565
0.34177
0.89983
0.36053
0.92217
0.28708
0.81864
0.59385
0.96474
0.13606
0.47017
0.99642
0.014284
0.056319
0.21259
0.66955
0.88498
0.40714
0.96548
0.1333
0.4621
0.99423
0.022942
0.089662
0.32648
0.87955
0.42377
0.97673
0.090904
0.33055
0.88513
0.40669
0.96515
0.13454
0.46575
0.99528
0.018782
0.073714
0.27312
0.79407
0.65407
0.90503
0.34379
0.90237
0.35237
0.9128
0.31838
0.86803
0.4582
0.99299
0.027858
0.10833
0.38635
0.94832
0.19605
0.63044
0.93192
0.25378
0.75749
0.73478
0.77949
0.68754
0.8593
0.4836
0.9989
0.004398
0.017514
0.068829
0.25636
0.76254
0.72428
0.79878
0.64291
0.91828
0.30016
0.84024
0.53694
0.99452
0.021816
0.085359
0.31228
0.85903
0.48439
0.999
0.0039963
0.015921
0.062668
0.23496
0.71899
0.80816
0.62014
0.94224
0.21768
0.68116
0.8687
0.45623
0.99231
0.03052
0.11835
0.41737
0.97266
0.10636
0.38018
0.94255
0.21659
0.67869
0.87225
0.4457
0.98818
0.046712
0.17812
0.58555
0.9707
0.11375
0.40325
0.96253
0.14425
0.49376
0.99982
0.00072379
0.002893
0.011538
0.045619
0.17415
0.57527
0.97732
0.088676
0.32324
0.875
0.43748
0.98434
0.06166
0.23143
0.71146
0.82112
0.5875
0.96935
0.11884
0.41886
0.97364
0.10265
0.36843
0.93074
0.25785
0.76543
0.71816
0.8096
0.61657
0.94562
0.20568
0.65349
0.90574
0.3415
0.89949
0.36164
0.9234
0.28292
0.81149
0.61188
0.9499
0.19034
0.61642
0.94576
0.2052
0.65235
0.90714
0.33695
0.89363
0.3802
0.94257
0.21652
0.67854
0.87248
0.44503
0.98789
0.047863
0.18228
0.59621
0.96295
0.14269
0.48932
0.99952
0.0019244
0.0076826
0.030494
0.11825
0.41706
0.97246
0.10712
0.38256
0.94481
0.20858
0.66028
0.89722
0.36885
0.93117
0.25636
0.76254
0.72428
0.79878
0.6429
0.91829
0.30012
0.84018
0.53711
0.99447
0.022009
0.086095
0.31472
0.86267
0.47388
0.99725
0.010987
0.043465
0.1663
0.55456
0.98807
0.047163
0.17975
0.58975
0.96776
0.12481
0.43693
0.98406
0.062731
0.23518
0.71946
0.80733
0.62218
0.94027
0.22465
0.6967
0.84521
0.52331
0.9978
0.008775
0.034791
0.13432
0.4651
0.9951
0.019492
0.076445
0.2824
0.81058
0.61415
0.94785
0.19771
0.63446
0.92766
0.26843
0.78548
0.67399
0.87889
0.42577
0.97793
0.08632
0.31547
0.86377
0.47068
0.99654
0.013811
0.054478
0.20604
0.65432
0.90472
0.34481
0.90365
0.34827
0.90789
0.33451
0.89042
0.39026
0.95181
0.18347
0.59923
0.96059
0.15143
0.51397
0.99919
0.0032194
0.012836
0.050684
0.19245
0.62165
0.94078
0.22283
0.69269
0.85146
0.5059
0.99984
0.00065643
0.0026239
0.010468
0.041432
0.15886
0.53448
0.99522
0.019028
0.074664
0.27635
0.7999
0.64022
0.92133
0.28991
0.82344
0.58154
0.97338
0.10365
0.3716
0.93403
0.24646
0.74285
0.76408
0.72103
0.80457
0.62894
0.93347
0.24839
0.74676
0.75643
0.73696
0.77538
0.69665
0.84529
0.52309
0.99784
0.0086134
0.034156
0.13195
0.45816
0.99297
0.027916
0.10854
0.38704
0.94894
0.19381
0.62499
0.93749
0.2344
0.71782
0.81021
0.61507
0.94701
0.20073
0.64173
0.91963
0.29564
0.83293
0.55662
0.98715
0.050737
0.19265
0.62212
0.94032
0.22445
0.69628
0.84587
0.52147
0.99813
0.0074629
0.029628
0.115
0.40708
0.96544
0.13345
0.46255
0.99437
0.022411
0.087634
0.31981
0.87011
0.45208
0.99079
0.036504
0.14068
0.48355
0.99889
0.0044232
0.017614
0.069214
0.25769
0.76512
0.71882
0.80844
0.61944
0.94292
0.21529
0.67575
0.87642
0.43321
0.98213
0.070187
0.26104
0.77157
0.70499
0.8319
0.55937
0.98588
0.055692
0.21036
0.66441
0.89186
0.38578
0.94779
0.19792
0.63498
0.9271
0.27033
0.78898
0.66594
0.88983
0.39211
0.95342
0.17764
0.58433
0.97153
0.11064
0.3936
0.95469
0.17302
0.57233
0.97905
0.08204
0.30123
0.84194
0.53229
0.9958
0.016713
0.065732
0.24564
0.74118
0.76731
0.71417
0.8165
0.59929
0.96055
0.15159
0.51442
0.99914
0.0034232
0.013646
0.053836
0.20375
0.64892
0.91127
0.32342
0.87525
0.43673
0.98396
0.063116
0.23652
0.7223
0.80231
0.63443
0.92769
0.2683
0.78525
0.67452
0.87815
0.428
0.97924
0.081305
0.29877
0.83801
0.54299
0.99258
0.029452
0.11433
0.40504
0.9639
0.13917
0.47919
0.99824
0.0070142
0.027859
0.10833
0.38637
0.94833
0.19601
0.63034
0.93202
0.25343
0.75679
0.73621
0.7768
0.69351
0.85019
0.50945
0.99962
0.0015281
0.006103
0.024262
0.094692
0.34289
0.90125
0.35599
0.91702
0.30436
0.84688
0.51869
0.99858
0.0056795
0.022588
0.08831
0.32204
0.8733
0.44259
0.98679
0.052133
0.19766
0.63434
0.92779
0.26797
0.78464
0.67591
0.8762
0.43388
0.98249
0.068822
0.25634
0.76249
0.72437
0.79862
0.6433
0.91784
0.30163
0.84258
0.53054
0.99624
0.01497
0.058984
0.22201
0.69088
0.85424
0.49803
0.99996
0.00016188
0.0006474
0.0025879
0.010324
0.04087
0.1568
0.52883
0.99665
0.013355
0.052704
0.1997
0.63927
0.9224
0.28632
0.81734
0.59717
0.96221
0.14544
0.49714
0.99994
0.00023072
0.00092263
0.003687
0.014693
0.057908
0.21821
0.68237
0.86694
0.4614
0.99401
0.023798
0.092924
0.33715
0.8939
0.37937
0.94177
0.21934
0.68489
0.86324
0.47222
0.99689
0.012405
0.049004
0.18641
0.60662
0.9545
0.1737
0.57409
0.97802
0.085995
0.31439
0.86217
0.47531
0.99754
0.0098313
0.038938
0.14968
0.5091
0.99964
0.0014238
0.005687
0.022618
0.088424
0.32241
0.87383
0.441
0.98605
0.055022
0.20797
0.65887
0.89902
0.36312
0.92503
0.27738
0.80175
0.63577
0.92624
0.27327
0.79436
0.6534
0.90585
0.34112
0.89901
0.36317
0.92509
0.2772
0.80141
0.63658
0.92536
0.27628
0.79978
0.6405
0.92101
0.29098
0.82523
0.57689
0.97632
0.092458
0.33563
0.89191
0.38562
0.94764
0.19845
0.63626
0.92571
0.27509
0.79764
0.64562
0.91515
0.31058
0.85646
0.49173
0.9997
0.0011948
0.0047734
0.019002
0.074562
0.276
0.79928
0.6417
0.91966
0.29554
0.83276
0.55708
0.98694
0.051541
0.19553
0.62919
0.93322
0.24928
0.74854
0.7529
0.74415
0.76155
0.72635
0.79505
0.65177
0.90784
0.33465
0.89061
0.38968
0.95129
0.18534
0.60395
0.95676
0.16549
0.5524
0.98899
0.043543
0.16658
0.55532
0.98773
0.04846
0.18444
0.60167
0.95863
0.15864
0.53389
0.99538
0.018388
0.072198
0.26793
0.78456
0.67608
0.87596
0.43461
0.98287
0.067339
0.25121
0.7524
0.74516
0.75956
0.73049
0.78748
0.66941
0.88517
0.40655
0.96505
0.13492
0.46685
0.99558
0.017599
0.069155
0.25748
0.76473
0.71966
0.80697
0.62305
0.93941
0.22767
0.70333
0.8346
0.55215
0.9891
0.043131
0.16508
0.55129
0.98945
0.041748
0.16002
0.53763
0.99431
0.02263
0.088471
0.32257
0.87405
0.44034
0.98574
0.056227
0.21226
0.6688
0.886
0.40399
0.96311
0.14212
0.48769
0.99937
0.0025235
0.010068
0.039866
0.1531
0.51864
0.99859
0.0056489
0.022468
0.087849
0.32052
0.87112
0.44906
0.9896
0.041182
0.15794
0.53197
0.99589
0.016387
0.064472
0.24126
0.73219
0.78434
0.67659
0.87524
0.43678
0.98399
0.063023
0.2362
0.72162
0.80352
0.63149
0.93082
0.25756
0.76487
0.71935
0.80752
0.62172
0.94071
0.22309
0.69326
0.85058
0.50835
0.9997
0.0012161
0.0048583
0.019338
0.075856
0.2804
0.80708
0.62279
0.93967
0.22675
0.70132
0.83786
0.54339
0.99244
0.029993
0.11637
0.41131
0.96851
0.12199
0.42842
0.97948
0.0804
0.29574
0.83309
0.5562
0.98734
0.04999
0.18996
0.61549
0.94663
0.20209
0.64499
0.91589
0.30814
0.85273
0.50231
0.99995
0.00018555
0.00074206
0.002966
0.011828
0.046753
0.17826
0.58593
0.97044
0.11473
0.40627
0.96484
0.13571
0.46915
0.99617
0.015272
0.060155
0.22614
0.69999
0.84
0.53759
0.99432
0.022576
0.088262
0.32188
0.87307
0.44326
0.9871
0.050942
0.19338
0.62392
0.93855
0.2307
0.70988
0.82377
0.58067
0.97395
0.1015
0.36477
0.92683
0.27127
0.79072
0.66192
0.8951
0.37557
0.93804
0.23247
0.7137
0.81731
0.59725
0.96215
0.14567
0.4978
0.99996
0.00017747
0.00070973
0.0028368
0.011315
0.044746
0.17097
0.56695
0.98205
0.070515
0.26216
0.77371
0.7003
0.83949
0.53897
0.9939
0.024248
0.094637
0.34271
0.90102
0.35672
0.91786
0.30157
0.84249
0.5308
0.99618
0.015221
0.059957
0.22544
0.69845
0.84244
0.53092
0.99615
0.015334
0.060392
0.22698
0.70181
0.83707
0.54553
0.99168
0.032993
0.12761
0.4453
0.98801
0.047388
0.18056
0.59183
0.96625
0.13045
0.45373
0.99141
0.034062
0.1316
0.45712
0.99262
0.029299
0.11376
0.40326
0.96254
0.14421
0.49363
0.99981
0.00074849
0.0029916
0.01193
0.047151
0.17971
0.58964
0.96784
0.12451
0.43602
0.9836
0.064522
0.24143
0.73255
0.78367
0.67812
0.87307
0.44325
0.98709
0.050954
0.19343
0.62404
0.93844
0.23109
0.71072
0.82236
0.58431
0.97154
0.1106
0.39345
0.95456
0.17348
0.57354
0.97835
0.084741
0.31023
0.85593
0.49324
0.99979
0.00083133
0.0033225
0.013245
0.052279
0.19818
0.6356
0.92643
0.27262
0.79317
0.65618
0.90241
0.35225
0.91266
0.31885
0.86871
0.45619
0.9923
0.030566
0.11852
0.4179
0.97301
0.10504
0.37601
0.93848
0.23092
0.71037
0.82295
0.58279
0.97256
0.10675
0.3814
0.94372
0.21246
0.66926
0.88538
0.40591
0.96457
0.13671
0.47208
0.99686
0.012534
0.049507
0.18822
0.61116
0.95055
0.18801
0.61063
0.95102
0.18631
0.60639
0.9547
0.17298
0.57223
0.97911
0.08182
0.30049
0.84077
0.53549
0.99494
0.02015
0.078974
0.29094
0.82516
0.57708
0.97621
0.092884
0.33702
0.89373
0.37991
0.94229
0.2175
0.68076
0.86928
0.45453
0.99171
0.032901
0.12727
0.44428
0.98755
0.049161
0.18697
0.60804
0.95329
0.17811
0.58554
0.97071
0.11374
0.40319
0.96249
0.14441
0.49421
0.99984
0.00063655
0.0025445
0.010152
0.040195
0.15431
0.52199
0.99804
0.0078189
0.03103
0.12027
0.4232
0.97638
0.092233
0.33489
0.89094
0.38866
0.95039
0.1886
0.61209
0.94972
0.19102
0.61811
0.94418
0.21081
0.66545
0.89048
0.3901
0.95166
0.18401
0.60058
0.95951
0.15539
0.52497
0.99748
0.010052
0.039802
0.15287
0.51798
0.99868
0.0052649
0.020948
0.082036
0.30122
0.84192
0.53235
0.99579
0.01677
0.065954
0.24641
0.74275
0.76427
0.72063
0.80528
0.62721
0.93525
0.24223
0.73421
0.78057
0.68511
0.86292
0.47315
0.99709
0.011603
0.045872
0.17507
0.57766
0.97585
0.094265
0.34151
0.8995
0.3616
0.92336
0.28306
0.81174
0.61127
0.95046
0.18836
0.61149
0.95025
0.18909
0.61332
0.94861
0.19498
0.62784
0.93461
0.24445
0.73877
0.77194
0.70417
0.83323
0.55582
0.98751
0.049323
0.18755
0.6095
0.95202
0.18271
0.5973
0.96211
0.14583
0.49825
0.99996
0.00014924
0.00059687
0.002386
0.009521
0.037721
0.14519
0.49642
0.99992
0.00030504
0.0012197
0.0048729
0.019396
0.076078
0.28115
0.8084
0.61954
0.94282
0.21564
0.67653
0.87532
0.43652
0.98386
0.063529
0.23797
0.72534
0.79687
0.64745
0.91301
0.31767
0.86701
0.46121
0.99396
0.024023
0.093781
0.33993
0.89749
0.36799
0.93027
0.25948
0.76858
0.71143
0.82116
0.58741
0.96942
0.11859
0.41809
0.97314
0.10456
0.37449
0.93697
0.23623
0.72168
0.80341
0.63176
0.93053
0.25856
0.76681
0.71524
0.81467
0.60391
0.95678
0.16539
0.55213
0.98911
0.043099
0.16496
0.55098
0.98958
0.041251
0.15819
0.53266
0.99571
0.017088
0.067184
0.25068
0.75133
0.74731
0.75533
0.73922
0.77108
0.70604
0.83016
0.56396
0.98361
0.064474
0.24126
0.7322
0.78431
0.67665
0.87516
0.43701
0.98411
0.062561
0.23458
0.7182
0.80954
0.61672
0.94548
0.20619
0.65469
0.90426
0.34629
0.90548
0.34235
0.90056
0.35819
0.91954
0.29593
0.8334
0.55536
0.98772
0.048522
0.18467
0.60224
0.95816
0.16035
0.53855
0.99403
0.023733
0.092675
0.33634
0.89284
0.38271
0.94495
0.20808
0.65911
0.89872
0.36409
0.92609
0.27379
0.79529
0.65121
0.90853
0.33242
0.88765
0.39891
0.9591
0.1569
0.52911
0.99658
0.013615
0.053716
0.20332
0.6479
0.91248
0.31943
0.86955
0.45371
0.99141
0.034083
0.13168
0.45735
0.9927
0.028984
0.11257
0.39959
0.95965
0.15489
0.52359
0.99775
0.0089846
0.035614
0.13738
0.47402
0.99727
0.010871
0.04301
0.16464
0.55011
0.98993
0.039876
0.15314
0.51874
0.99857
0.0057078
0.0227
0.088737
0.32344
0.87529
0.43662
0.98391
0.063337
0.2373
0.72393
0.79941
0.6414
0.92
0.29441
0.8309
0.562
0.9846
0.060644
0.22786
0.70374
0.83394
0.55392
0.98835
0.046074
0.1758
0.57956
0.97466
0.098806
0.35616
0.91722
0.30369
0.84583
0.52159
0.99811
0.007542
0.02994
0.11617
0.41069
0.96807
0.12364
0.43339
0.98223
0.069819
0.25977
0.76914
0.71024
0.82318
0.5822
0.97295
0.10527
0.37675
0.93921
0.22837
0.70485
0.83212
0.55876
0.98616
0.05458
0.2064
0.65518
0.90365
0.34825
0.90786
0.33458
0.89053
0.38995
0.95153
0.18447
0.60175
0.95857
0.15886
0.53448
0.99522
0.019033
0.07468
0.2764
0.8
0.63999
0.92159
0.28903
0.82194
0.58539
0.97081
0.11336
0.40202
0.96158
0.14778
0.50374
0.99992
0.00032434
0.0012969
0.0051807
0.020615
0.080758
0.29694
0.83504
0.55098
0.98958
0.041246
0.15818
0.53261
0.99572
0.017042
0.067006
0.25006
0.7501
0.74979
0.75041
0.74917
0.75164
0.74668
0.75657
0.73667
0.77593
0.69543
0.8472
0.5178
0.99871
0.0051607
0.020536
0.080454
0.29592
0.83338
0.55541
0.98769
0.048619
0.18502
0.60313
0.95744
0.16301
0.54573
0.99161
0.033273
0.12866
0.44842
0.98933
0.042209
0.16171
0.54222
0.99285
0.028411
0.11041
0.39288
0.95408
0.17526
0.57815
0.97554
0.095431
0.34529
0.90423
0.34638
0.90558
0.34201
0.90014
0.35955
0.92107
0.29079
0.82491
0.57772
0.97582
0.09439
0.34191
0.90001
0.35995
0.92152
0.28928
0.82236
0.58431
0.97154
0.1106
0.39345
0.95456
0.17348
0.57352
0.97835
0.084708
0.31012
0.85576
0.49372
0.99982
0.00073084
0.0029212
0.01165
0.046057
0.17574
0.5794
0.97476
0.098424
0.35494
0.9158
0.30842
0.85317
0.50108
0.99997
0.00011882
0.0004752
0.0018999
0.0075848
0.030108
0.1168
0.41263
0.96944
0.11849
0.41778
0.97293
0.10533
0.37693
0.9394
0.22772
0.70343
0.83444
0.55259
0.98891
0.043855
0.16772
0.55836
0.98635
0.053843
0.20377
0.64897
0.9112
0.32364
0.87556
0.4358
0.98349
0.064952
0.24293
0.73563
0.77789
0.69109
0.85392
0.49895
0.99997
0.00011759
0.00047031
0.0018803
0.0075069
0.029801
0.11565
0.40909
0.96692
0.12795
0.4463
0.98844
0.045697
0.17443
0.576
0.97687
0.090377
0.32883
0.88278
0.41391
0.97033
0.11514
0.40754
0.96578
0.1322
0.45889
0.99322
0.026953
0.1049
0.37558
0.93806
0.23242
0.71359
0.8175
0.59677
0.96252
0.1443
0.49389
0.99983
0.00069775
0.002789
0.011124
0.044002
0.16826
0.55978
0.98568
0.056447
0.21304
0.6706
0.88357
0.4115
0.96864
0.12149
0.42691
0.97861
0.083745
0.30692
0.85086
0.50758
0.99975
0.0010184
0.0040695
0.016211
0.063793
0.23889
0.72726
0.79339
0.65568
0.90303
0.35025
0.91027
0.3267
0.87984
0.42286
0.97617
0.093032
0.3375
0.89435
0.37793
0.94037
0.22428
0.69589
0.84649
0.51977
0.99841
0.0063433
0.025212
0.098301
0.35454
0.91535
0.30994
0.85549
0.4945
0.99985
0.0005846
0.002337
0.0093259
0.036955
0.14235
0.48834
0.99943
0.0022737
0.0090738
0.035965
0.13868
0.47779
0.998
0.0079792
0.031661
0.12263
0.43036
0.98058
0.076177
0.28149
0.80899
0.61808
0.94421
0.21071
0.66523
0.89078
0.38917
0.95084
0.18697
0.60803
0.9533
0.17809
0.58548
0.97075
0.11358
0.40272
0.96212
0.14578
0.49809
0.99996
0.0001582
0.00063268
0.002529
0.01009
0.039953
0.15342
0.51953
0.99845
0.0061906
0.024608
0.096009
0.34716
0.90653
0.33892
0.89619
0.37212
0.93456
0.24463
0.73912
0.77127
0.70562
0.83086
0.56212
0.98454
0.060889
0.22872
0.70561
0.83088
0.56206
0.98457
0.06077
0.2283
0.70471
0.83236
0.55813
0.98646
0.053432
0.2023
0.64549
0.91531
0.31007
0.85569
0.49392
0.99983
0.00069138
0.0027635
0.011023
0.043606
0.16682
0.55594
0.98746
0.049532
0.18831
0.61138
0.95035
0.18872
0.61242
0.94943
0.19205
0.62066
0.94174
0.21946
0.68518
0.86281
0.47345
0.99716
0.011342
0.044852
0.17136
0.56796
0.9815
0.07262
0.26938
0.78724
0.66996
0.88443
0.40884
0.96673
0.12864
0.44835
0.9893
0.04233
0.16215
0.54341
0.99244
0.030025
0.11649
0.41167
0.96877
0.12101
0.42547
0.97776
0.086997
0.31771
0.86706
0.46107
0.99391
0.0242
0.094453
0.34212
0.90027
0.35912
0.92059
0.29241
0.82761
0.57066
0.98
0.078391
0.28898
0.82186
0.58562
0.97065
0.11394
0.40382
0.96297
0.14263
0.48913
0.9995
0.0019879
0.0079354
0.031489
0.12199
0.42841
0.97948
0.080404
0.29575
0.8331
0.55615
0.98736
0.049908
0.18966
0.61475
0.94731
0.19967
0.63919
0.92249
0.28602
0.81682
0.59848
0.96119
0.14923
0.50782
0.99973
0.0010779
0.0043068
0.017152
0.067431
0.25153
0.75303
0.74388
0.76207
0.72525
0.79703
0.64708
0.91345
0.31624
0.86491
0.46735
0.99571
0.017082
0.06716
0.25059
0.75116
0.74765
0.75467
0.74056
0.7685
0.71161
0.82087
0.58815
0.96889
0.12056
0.42408
0.97692
0.090177
0.32817
0.88188
0.41666
0.97219
0.10813
0.38576
0.94777
0.198
0.63518
0.92689
0.27107
0.79034
0.6628
0.89396
0.37917
0.94158
0.22003
0.68644
0.86094
0.47888
0.99819
0.0072221
0.028679
0.11142
0.39603
0.95673
0.16558
0.55263
0.9889
0.04392
0.16796
0.55899
0.98606
0.054991
0.20786
0.65861
0.89935
0.36205
0.92386
0.28136
0.80877
0.61863
0.94369
0.21256
0.6695
0.88506
0.40691
0.96532
0.13392
0.46393
0.99477
0.020804
0.081483
0.29937
0.83897
0.54039
0.99345
0.026033
0.10142
0.36452
0.92655
0.2722
0.79241
0.65797
0.90016
0.35949
0.921
0.29103
0.82531
0.57669
0.97645
0.09197
0.33404
0.8898
0.39221
0.9535
0.17735
0.58358
0.97203
0.10874
0.38766
0.9495
0.1918
0.62005
0.94233
0.21736
0.68044
0.86974
0.45316
0.9912
0.03489
0.13469
0.46618
0.9954
0.018318
0.071926
0.26701
0.78283
0.68
0.87038
0.45127
0.99048
0.037727
0.14521
0.49649
0.99993
0.00029747
0.0011895
0.0047522
0.018918
0.074238
0.2749
0.7973
0.64643
0.9142
0.31373
0.86119
0.47814
0.99806
0.0077276
0.030671
0.11892
0.41909
0.97379
0.10208
0.36664
0.92884
0.26438
0.77791
0.69104
0.85399
0.49874
0.99997
0.00012524
0.00050088
0.0020025
0.0079936
0.031718
0.12284
0.431
0.98093
0.074808
0.27684
0.80078
0.63811
0.92368
0.28197
0.80983
0.616
0.94615
0.2038
0.64905
0.91112
0.32393
0.87597
0.43457
0.98285
0.067421
0.2515
0.75296
0.74402
0.7618
0.72583
0.79599
0.64955
0.91052
0.32588
0.8787
0.42632
0.97826
0.085065
0.31131
0.85756
0.4886
0.99945
0.0021796
0.0086993
0.034493
0.13321
0.46185
0.99415
0.023245
0.090818
0.33027
0.88475
0.40787
0.96602
0.13129
0.45621
0.99231
0.030541
0.11843
0.4176
0.97282
0.10577
0.37831
0.94074
0.22297
0.69301
0.85097
0.50727
0.99976
0.00094616
0.003781
0.015066
0.059356
0.22333
0.69379
0.84976
0.51065
0.99952
0.0019136
0.0076396
0.030324
0.11762
0.41512
0.97116
0.11204
0.39795
0.95832
0.15978
0.53698
0.99451
0.021853
0.085501
0.31275
0.85973
0.48235
0.99873
0.0050751
0.020197
0.079154
0.29155
0.82617
0.57444
0.97781
0.086781
0.31699
0.86601
0.46413
0.99483
0.020576
0.080609
0.29644
0.83423
0.55316
0.98867
0.044793
0.17114
0.56739
0.98181
0.071441
0.26534
0.77972
0.687
0.8601
0.48131
0.99858
0.0056826
0.022601
0.088357
0.32219
0.87351
0.44194
0.98649
0.05331
0.20187
0.64445
0.91651
0.30607
0.84955
0.51125
0.99947
0.002124
0.0084777
0.033623
0.12997
0.45229
0.99087
0.03619
0.13952
0.4802
0.99841
0.0063621
0.025286
0.098584
0.35545
0.9164
0.30644
0.85011
0.50967
0.9996
0.0015967
0.0063765
0.025343
0.0988
0.35614
0.9172
0.30377
0.84595
0.52125
0.99817
0.00731
0.029025
0.11273
0.40007
0.96004
0.15347
0.51964
0.99843
0.0062646
0.024901
0.097121
0.35075
0.91087
0.32474
0.87711
0.43114
0.98101
0.074515
0.27584
0.79899
0.64239
0.91887
0.29818
0.83705
0.54558
0.99166
0.033068
0.12789
0.44614
0.98837
0.045979
0.17546
0.57867
0.97522
0.09666
0.34926
0.90909
0.33059
0.88518
0.40654
0.96504
0.13495
0.46695
0.99561
0.0175
0.068773
0.25617
0.76216
0.72506
0.79737
0.64627
0.9144
0.31309
0.86024
0.4809
0.99852
0.0059305
0.023581
0.092097
0.33445
0.89035
0.39049
0.952
0.18277
0.59744
0.96199
0.14624
0.49941
0.99997
0.00010563
0.00042246
0.0016891
0.0067448
0.026796
0.10431
0.37371
0.93618
0.23898
0.72745
0.79304
0.65649
0.90202
0.3535
0.91412
0.314
0.86159
0.47699
0.99786
0.0085493
0.033904
0.13101
0.45539
0.99201
0.031687
0.12273
0.43065
0.98074
0.075562
0.2794
0.80532
0.62709
0.93537
0.24182
0.73335
0.78217
0.6815
0.8682
0.45769
0.99282
0.02853
0.11086
0.39428
0.95527
0.17092
0.56682
0.98212
0.070254
0.26127
0.77201
0.70403
0.83346
0.55521
0.98778
0.048266
0.18374
0.59991
0.96005
0.15341
0.51948
0.99846
0.0061628
0.024499
0.095591
0.34581
0.90487
0.3443
0.90301
0.35034
0.91038
0.32634
0.87934
0.42439
0.97711
0.089465
0.32584
0.87865
0.4265
0.97836
0.084666
0.30998
0.85555
0.49432
0.99985
0.00061655
0.0024646
0.0098339
0.038948
0.14972
0.5092
0.99964
0.001454
0.0058073
0.023094
0.090239
0.32838
0.88216
0.41581
0.97162
0.11029
0.3925
0.95375
0.17645
0.58124
0.97358
0.10289
0.36922
0.93156
0.25502
0.75993
0.72973
0.78887
0.6662
0.88949
0.39319
0.95434
0.17428
0.57562
0.9771
0.089483
0.32589
0.87873
0.42626
0.97822
0.08521
0.31179
0.85828
0.48652
0.99925
0.0030054
0.011985
0.047365
0.18048
0.59162
0.9664
0.12988
0.45203
0.99077
0.036572
0.14093
0.48428
0.99899
0.0040519
0.016141
0.063522
0.23794
0.72528
0.79697
0.64722
0.91328
0.31678
0.86569
0.46506
0.99509
0.019532
0.076601
0.28293
0.8115
0.61187
0.94992
0.19028
0.61628
0.94589
0.20472
0.65123
0.9085
0.3325
0.88775
0.39858
0.95883
0.1579
0.53184
0.99592
0.016257
0.063971
0.23951
0.72856
0.79103
0.6612
0.89604
0.3726
0.93505
0.24291
0.7356
0.77796
0.69094
0.85414
0.49832
0.99996
0.00014538
0.00058144
0.0023243
0.0092755
0.036757
0.14162
0.48624
0.99922
0.0031248
0.01246
0.049217
0.18718
0.60855
0.95284
0.17972
0.58967
0.96781
0.12461
0.43633
0.98376
0.063909
0.23929
0.72811
0.79185
0.65927
0.89851
0.36476
0.92682
0.27129
0.79074
0.66186
0.89518
0.37532
0.9378
0.23332
0.71551
0.8142
0.60509
0.9558
0.16898
0.56168
0.98476
0.060033
0.22571
0.69904
0.84151
0.53348
0.99549
0.017948
0.070501
0.26212
0.77363
0.7005
0.83918
0.5398
0.99364
0.025283
0.098572
0.35541
0.91636
0.30658
0.85033
0.50906
0.99965
0.0014129
0.0056436
0.022446
0.087768
0.32025
0.87074
0.4502
0.99006
0.039379
0.15131
0.51365
0.99923
0.0030772
0.012271
0.04848
0.18451
0.60186
0.95848
0.15919
0.53538
0.99497
0.020025
0.078495
0.28933
0.82244
0.5841
0.97168
0.11006
0.39179
0.95313
0.17867
0.58698
0.96971
0.11747
0.41468
0.97086
0.11317
0.40143
0.96111
0.14951
0.50861
0.99968
0.0012866
0.0051395
0.020452
0.080133
0.29484
0.83161
0.56011
0.98552
0.057076
0.21527
0.67569
0.87651
0.43295
0.98199
0.070734
0.26292
0.77515
0.69716
0.84449
0.52529
0.99742
0.010303
0.040784
0.15648
0.52796
0.99685
0.012571
0.049652
0.18874
0.61246
0.94939
0.19219
0.621
0.94141
0.22061
0.68776
0.85897
0.48456
0.99902
0.0039094
0.015576
0.061333
0.23028
0.70898
0.82528
0.57674
0.97642
0.092107
0.33448
0.8904
0.39036
0.95189
0.18318
0.59848
0.96118
0.14925
0.50789
0.99973
0.0010954
0.0043765
0.017429
0.068499
0.25522
0.76032
0.72893
0.79035
0.66276
0.89401
0.37901
0.94142
0.22057
0.68767
0.85911
0.48416
0.99897
0.0041096
0.01637
0.064408
0.24103
0.73173
0.78519
0.67464
0.87798
0.42852
0.97954
0.080177
0.29499
0.83186
0.55946
0.98583
0.055864
0.21097
0.66583
0.88998
0.39164
0.95301
0.17913
0.58815
0.9689
0.12054
0.42404
0.9769
0.090275
0.32849
0.88232
0.41532
0.97129
0.11154
0.39639
0.95703
0.16448
0.5497
0.9901
0.039224
0.15074
0.51205
0.99939
0.0024228
0.0096677
0.038296
0.14731
0.50244
0.99995
0.00019498
0.00077974
0.0031165
0.012427
0.049088
0.18671
0.60738
0.95386
0.17605
0.58022
0.97424
0.1004
0.36127
0.92299
0.28432
0.8139
0.60584
0.95516
0.1713
0.56781
0.98158
0.072302
0.26829
0.78523
0.67457
0.87808
0.4282
0.97935
0.080878
0.29734
0.83569
0.54923
0.99028
0.038498
0.14806
0.50454
0.99989
0.00042968
0.001718
0.0068598
0.02725
0.10603
0.37914
0.94155
0.22015
0.68671
0.86054
0.48004
0.99838
0.0064637
0.025687
0.10011
0.36033
0.92195
0.28783
0.81991
0.59061
0.96713
0.12714
0.4439
0.98739
0.049819
0.18934
0.61396
0.94803
0.19706
0.6329
0.92933
0.26269
0.77472
0.6981
0.843
0.5294
0.99652
0.013879
0.054743
0.20698
0.65654
0.90196
0.35372
0.91438
0.31313
0.8603
0.48072
0.99849
0.0060377
0.024004
0.09371
0.3397
0.8972
0.36892
0.93125
0.25608
0.76199
0.72543
0.7967
0.64786
0.91252
0.31929
0.86936
0.45428
0.99161
0.033262
0.12862
0.4483
0.98928
0.042406
0.16243
0.54416
0.99217
0.031059
0.12037
0.42353
0.97658
0.091476
0.33242
0.88765
0.3989
0.95909
0.15693
0.5292
0.99656
0.013695
0.054027
0.20443
0.65053
0.90934
0.32975
0.88404
0.41005
0.96761
0.12534
0.43852
0.98486
0.05965
0.22436
0.69608
0.84619
0.5206
0.99828
0.0068744
0.027308
0.10625
0.37982
0.94221
0.21781
0.68146
0.86827
0.4575
0.99275
0.028793
0.11185
0.39735
0.95783
0.16156
0.54183
0.99298
0.027893
0.10846
0.38677
0.94869
0.19469
0.62714
0.93532
0.24198
0.73369
0.78154
0.68292
0.86614
0.46377
0.99472
0.020993
0.082206
0.30179
0.84282
0.52987
0.99641
0.014325
0.056478
0.21315
0.67085
0.88322
0.41255
0.96938
0.11872
0.41848
0.97339
0.10359
0.37143
0.93385
0.24709
0.74412
0.7616
0.72625
0.79522
0.65137
0.90832
0.33308
0.88853
0.39617
0.95685
0.16514
0.55146
0.98938
0.04202
0.16101
0.54034
0.99347
0.025968
0.10117
0.36373
0.9257
0.27511
0.79768
0.64553
0.91526
0.31022
0.85591
0.4933
0.9998
0.00081888
0.0032727
0.013048
0.051509
0.19542
0.6289
0.93351
0.24827
0.7465
0.75692
0.73594
0.77731
0.69238
0.85194
0.50454
0.99989
0.00043042
0.0017209
0.0068716
0.027297
0.1062
0.37969
0.94208
0.21826
0.68247
0.8668
0.46181
0.99414
0.023296
0.09101
0.3309
0.8856
0.40525
0.96406
0.13857
0.47747
0.99794
0.0082048
0.032549
0.12596
0.44035
0.98574
0.056208
0.21219
0.66865
0.88621
0.40335
0.96261
0.14396
0.49293
0.99978
0.00089897
0.0035926
0.014318
0.056452
0.21305
0.67063
0.88352
0.41165
0.96875
0.12108
0.42565
0.97787
0.086574
0.31631
0.86501
0.46707
0.99564
0.01737
0.068272
0.25444
0.75878
0.73211
0.78447
0.67628
0.87568
0.43545
0.98331
0.065649
0.24535
0.7406
0.76843
0.71176
0.82061
0.58882
0.96842
0.12234
0.42948
0.98008
0.078073
0.2879
0.82004
0.59028
0.96737
0.12625
0.44123
0.98616
0.054598
0.20646
0.65533
0.90347
0.34883
0.90857
0.33228
0.88745
0.39951
0.95958
0.15513
0.52426
0.99762
0.0094922
0.037608
0.14477
0.49523
0.99988
0.00046356
0.0018533
0.0073995
0.029378
0.11406
0.40418
0.96325
0.14159
0.48615
0.99921
0.0031662
0.012624
0.049859
0.18949
0.61431
0.94771
0.19823
0.63572
0.9263
0.27308
0.79401
0.65422
0.90484
0.3444
0.90313
0.34993
0.90989
0.32796
0.88159
0.41755
0.97278
0.1059
0.37873
0.94115
0.22155
0.68985
0.8558
0.49361
0.99981
0.00075388
0.0030132
0.012016
0.047485
0.18092
0.59273
0.96558
0.13294
0.46106
0.99391
0.024215
0.094513
0.34231
0.90051
0.35834
0.91971
0.29536
0.83247
0.55784
0.98659
0.052911
0.20044
0.64104
0.92041
0.29301
0.82861
0.56806
0.98145
0.07283
0.2701
0.78856
0.66691
0.88854
0.39615
0.95684
0.1652
0.55163
0.98931
0.042291
0.16201
0.54302
0.99257
0.029495
0.1145
0.40554
0.96428
0.13776
0.47511
0.9975
0.0099876
0.03955
0.15194
0.51541
0.99903
0.0038941
0.015515
0.061097
0.22945
0.7072
0.82825
0.56898
0.98094
0.07478
0.27674
0.80061
0.63852
0.92322
0.28353
0.81253
0.60927
0.95221
0.18201
0.59551
0.96349
0.14071
0.48364
0.9989
0.0043751
0.017423
0.068478
0.25515
0.76017
0.72922
0.78981
0.66403
0.89235
0.38424
0.94638
0.20299
0.64713
0.91339
0.31643
0.86518
0.46655
0.9955
0.017921
0.070399
0.26177
0.77296
0.70196
0.83683
0.54617
0.99145
0.033919
0.13107
0.45556
0.99207
0.031453
0.12185
0.428
0.97924
0.08131
0.29879
0.83803
0.54292
0.99261
0.029348
0.11395
0.40384
0.96299
0.14257
0.48897
0.99949
0.0020465
0.0081691
0.032409
0.12543
0.43878
0.98498
0.059164
0.22265
0.69229
0.85208
0.50414
0.99991
0.00037449
0.0014973
0.0059803
0.023777
0.092846
0.33689
0.89356
0.38043
0.94278
0.21576
0.67682
0.87492
0.43774
0.98447
0.061146
0.22962
0.70757
0.82764
0.5706
0.98004
0.078245
0.28849
0.82103
0.58776
0.96917
0.11951
0.4209
0.97495
0.097686
0.35257
0.91303
0.31762
0.86693
0.46145
0.99403
0.023735
0.092684
0.33637
0.89287
0.38259
0.94484
0.20848
0.66005
0.89751
0.36793
0.9302
0.2597
0.769
0.71054
0.82267
0.58351
0.97208
0.10857
0.38712
0.94901
0.19356
0.62437
0.93811
0.23225
0.71321
0.81814
0.59513
0.96377
0.13965
0.48057
0.99847
0.006128
0.024361
0.095068
0.34411
0.90277
0.35109
0.91128
0.32339
0.87522
0.43684
0.98402
0.0629
0.23577
0.72071
0.80513
0.62757
0.93488
0.2435
0.73682
0.77565
0.69605
0.84624
0.52045
0.9983
0.0067792
0.026932
0.10482
0.37534
0.93781
0.23327
0.71541
0.81437
0.60466
0.95616
0.16767
0.55822
0.98642
0.053588
0.20286
0.64682
0.91376
0.31521
0.86339
0.47177
0.99679
0.012812
0.05059
0.19212
0.62082
0.94159
0.21999
0.68637
0.86104
0.47858
0.99814
0.0074256
0.029481
0.11445
0.40538
0.96416
0.1382
0.4764
0.99775
0.0089891
0.035632
0.13745
0.47421
0.99731
0.010712
0.042388
0.16236
0.54399
0.99224
0.030813
0.11945
0.42072
0.97484
0.098123
0.35397
0.91468
0.31216
0.85884
0.48493
0.99907
0.0037302
0.014865
0.058573
0.22056
0.68765
0.85913
0.48408
0.99896
0.0041507
0.016534
0.065039
0.24323
0.73626
0.77671
0.69371
0.84988
0.51031
0.99955
0.0018006
0.0071892
0.028549
0.11093
0.3945
0.95546
0.17023
0.56499
0.98308
0.066527
0.2484
0.74677
0.7564
0.73701
0.77528
0.69686
0.84496
0.52401
0.99767
0.0093004
0.036855
0.14198
0.48728
0.99933
0.0026858
0.010714
0.042396
0.16239
0.54407
0.99221
0.030927
0.11988
0.42203
0.97566
0.095001
0.3439
0.9025
0.35195
0.91231
0.32001
0.87039
0.45124
0.99047
0.037773
0.14538
0.49697
0.99994
0.00024697
0.0009876
0.0039464
0.015723
0.061901
0.23227
0.71327
0.81805
0.59537
0.9636
0.14031
0.48249
0.99875
0.0049992
0.019896
0.078001
0.28766
0.81962
0.59135
0.9666
0.12914
0.44984
0.98991
0.039949
0.15341
0.51948
0.99846
0.0061643
0.024505
0.095614
0.34588
0.90497
0.344
0.90264
0.35153
0.9118
0.32166
0.87276
0.44418
0.98751
0.049335
0.1876
0.60961
0.95192
0.18307
0.59821
0.9614
0.14844
0.50561
0.99985
0.00060378
0.0024136
0.0096309
0.038151
0.14678
0.50093
0.99997
0.00011383
0.00045527
0.0018202
0.0072673
0.028857
0.1121
0.39811
0.95845
0.15929
0.53565
0.99489
0.020324
0.079641
0.29319
0.82889
0.56731
0.98186
0.071259
0.26472
0.77855
0.68962
0.85616
0.49258
0.99975
0.00098052
0.0039181
0.015611
0.061467
0.23075
0.71
0.82358
0.58116
0.97363
0.1027
0.36861
0.93092
0.25722
0.7642
0.72077
0.80503
0.62781
0.93463
0.24438
0.73861
0.77224
0.70352
0.8343
0.55295
0.98876
0.044448
0.16988
0.56408
0.98355
0.064711
0.24209
0.73391
0.78113
0.68385
0.86478
0.46774
0.99581
0.016681
0.065609
0.24521
0.74031
0.76898
0.71058
0.8226
0.5837
0.97195
0.10904
0.38858
0.95032
0.18885
0.61272
0.94915
0.19305
0.6231
0.93936
0.22786
0.70373
0.83395
0.55389
0.98836
0.046014
0.17558
0.579
0.97501
0.097442
0.35178
0.9121
0.32068
0.87136
0.44835
0.9893
0.042323
0.16212
0.54335
0.99246
0.029933
0.11615
0.41061
0.96802
0.12384
0.434
0.98255
0.068579
0.2555
0.76085
0.7278
0.7924
0.65799
0.90014
0.35955
0.92108
0.29078
0.82488
0.5778
0.97577
0.094581
0.34253
0.9008
0.35744
0.91869
0.29879
0.83804
0.5429
0.99261
0.029329
0.11387
0.40361
0.96281
0.14322
0.49082
0.99964
0.0014478
0.0057825
0.022996
0.089866
0.32715
0.88047
0.42096
0.97498
0.097555
0.35214
0.91253
0.31926
0.86931
0.45441
0.99166
0.033069
0.1279
0.44615
0.98838
0.045952
0.17536
0.57842
0.97538
0.096053
0.3473
0.90671
0.33835
0.89545
0.37446
0.93694
0.23633
0.72189
0.80303
0.63267
0.92957
0.26188
0.77317
0.70149
0.83758
0.54415
0.99218
0.031036
0.12029
0.42326
0.97642
0.092092
0.33444
0.89033
0.39055
0.95206
0.18256
0.59691
0.96241
0.14471
0.49505
0.99988
0.00049135
0.0019644
0.0078419
0.031121
0.12061
0.42423
0.97701
0.089838
0.32706
0.88035
0.42134
0.97523
0.096641
0.3492
0.90901
0.33083
0.88551
0.40553
0.96427
0.1378
0.47522
0.99752
0.0099009
0.039211
0.15069
0.51191
0.99941
0.0023698
0.0094566
0.037468
0.14425
0.49376
0.99982
0.00072229
0.002887
0.011514
0.045526
0.17381
0.57439
0.97784
0.086666
0.31661
0.86546
0.46576
0.99529
0.01877
0.073668
0.27296
0.79379
0.65474
0.9042
0.34647
0.90569
0.34166
0.89969
0.36099
0.92268
0.28536
0.8157
0.60132
0.95891
0.15759
0.531
0.99613
0.015413
0.060699
0.22805
0.70416
0.83326
0.55575
0.98754
0.049204
0.18713
0.60842
0.95295
0.17933
0.58866
0.96854
0.1219
0.42814
0.97932
0.081015
0.2978
0.83644
0.54723
0.99105
0.035471
0.13685
0.47247
0.99694
0.012188
0.048155
0.18334
0.59889
0.96086
0.15044
0.51122
0.99947
0.0021128
0.0084333
0.033448
0.12931
0.45035
0.99012
0.039142
0.15044
0.51121
0.99947
0.0021078
0.0084131
0.033368
0.12902
0.44947
0.98976
0.040526
0.15553
0.52535
0.9974
0.010357
0.040998
0.15727
0.53012
0.99635
0.01456
0.057391
0.21638
0.67823
0.87292
0.44372
0.9873
0.050139
0.19049
0.61681
0.9454
0.20648
0.65536
0.90343
0.34898
0.90875
0.3317
0.88667
0.40192
0.9615
0.14807
0.50457
0.99989
0.00043429
0.0017364
0.0069332
0.02754
0.10712
0.38258
0.94483
0.20851
0.66012
0.89743
0.3682
0.9305
0.25869
0.76705
0.71472
0.81557
0.60165
0.95865
0.15857
0.5337
0.99543
0.018189
0.071431
0.26531
0.77966
0.68715
0.85988
0.48195
0.99867
0.0053072
0.021116
0.082677
0.30336
0.84531
0.52304
0.99785
0.0085748
0.034004
0.13139
0.45649
0.9924
0.030154
0.11698
0.41316
0.96981
0.1171
0.41355
0.97008
0.1161
0.41048
0.96792
0.12421
0.43512
0.98314
0.066307
0.24763
0.74523
0.75944
0.73075
0.78699
0.67053
0.88366
0.41121
0.96844
0.12225
0.42922
0.97993
0.078651
0.28985
0.82333
0.58181
0.9732
0.10431
0.3737
0.93617
0.23902
0.72753
0.7929
0.65682
0.90161
0.35484
0.91569
0.30881
0.85376
0.4994
0.99997
0.00010581
0.00042317
0.0016919
0.0067561
0.026841
0.10448
0.37425
0.93672
0.23709
0.7235
0.80016
0.63959
0.92203
0.28755
0.81945
0.5918
0.96627
0.13038
0.45351
0.99133
0.03438
0.13279
0.46061
0.99377
0.024767
0.096612
0.3491
0.9089
0.3312
0.88601
0.40399
0.9631
0.14215
0.48775
0.99938
0.0024982
0.0099675
0.039471
0.15165
0.5146
0.99912
0.0035056
0.013973
0.05511
0.20829
0.65959
0.8981
0.36607
0.92823
0.26647
0.78184
0.68225
0.86712
0.46088
0.99385
0.024437
0.095358
0.34505
0.90394
0.34732
0.90673
0.33827
0.89535
0.37478
0.93725
0.23523
0.71957
0.80714
0.62264
0.93981
0.22625
0.70022
0.83963
0.53859
0.99402
0.023781
0.092859
0.33694
0.89362
0.38024
0.94261
0.21639
0.67824
0.8729
0.44376
0.98733
0.050054
0.19019
0.61606
0.9461
0.20397
0.64946
0.91063
0.32553
0.87822
0.42779
0.97912
0.08179
0.30039
0.84061
0.53593
0.99481
0.020648
0.080886
0.29737
0.83574
0.5491
0.99033
0.038297
0.14732
0.50245
0.99995
0.00019616
0.00078447
0.0031353
0.012502
0.049381
0.18776
0.61002
0.95156
0.18437
0.6015
0.95876
0.15814
0.53252
0.99575
0.016947
0.066637
0.24878
0.74754
0.75488
0.74012
0.76936
0.70977
0.82396
0.58018
0.97426
0.10031
0.36098
0.92267
0.28539
0.81575
0.6012
0.95901
0.15725
0.53007
0.99636
0.014513
0.057207
0.21573
0.67675
0.87501
0.43744
0.98432
0.061725
0.23165
0.71194
0.8203
0.58961
0.96786
0.12444
0.43579
0.98349
0.064964
0.24297
0.73572
0.77772
0.69146
0.85335
0.50056
0.99997
0.00010502
0.00042002
0.0016793
0.0067059
0.026643
0.10373
0.37187
0.93431
0.24549
0.74088
0.76788
0.71294
0.81861
0.59394
0.96468
0.1363
0.47088
0.99658
0.013616
0.053723
0.20334
0.64796
0.91241
0.31966
0.86988
0.45273
0.99104
0.035527
0.13706
0.47308
0.99708
0.011661
0.046098
0.17589
0.57979
0.97451
0.099367
0.35796
0.91928
0.29681
0.83484
0.55152
0.98936
0.042108
0.16134
0.54121
0.99318
0.02709
0.10542
0.37722
0.93968
0.22673
0.70128
0.83793
0.54321
0.99251
0.029748
0.11545
0.40847
0.96646
0.12964
0.45133
0.9905
0.037634
0.14487
0.49551
0.99989
0.0004232
0.001692
0.0067566
0.026843
0.10449
0.37427
0.93674
0.23701
0.72333
0.80047
0.63886
0.92285
0.28479
0.81471
0.60381
0.95687
0.16507
0.55126
0.98946
0.0417
0.15984
0.53715
0.99445
0.022057
0.086281
0.31534
0.86358
0.47122
0.99666
0.013304
0.052508
0.199
0.63758
0.92427
0.27998
0.80634
0.6246
0.93787
0.23306
0.71496
0.81515
0.6027
0.95778
0.16173
0.54228
0.99283
0.028492
0.11072
0.39383
0.95488
0.17232
0.57048
0.9801
0.077995
0.28764
0.81959
0.59143
0.96654
0.12936
0.45049
0.99017
0.038927
0.14964
0.50899
0.99965
0.0013912
0.005557
0.022104
0.08646
0.31593
0.86445
0.46869
0.99605
0.015719
0.061886
0.23222
0.71316
0.81824
0.59489
0.96396
0.13896
0.4786
0.99814
0.0074142
0.029436
0.11428
0.40486
0.96377
0.13967
0.48065
0.99848
0.0060808
0.024175
0.094358
0.34181
0.89988
0.36037
0.92199
0.2877
0.8197
0.59116
0.96673
0.12863
0.44833
0.9893
0.042359
0.16226
0.5437
0.99234
0.030424
0.11799
0.41626
0.97193
0.10913
0.38887
0.95058
0.18792
0.61041
0.95122
0.18561
0.60463
0.95619
0.16756
0.55793
0.98655
0.053071
0.20101
0.64241
0.91885
0.29825
0.83716
0.54527
0.99178
0.032621
0.12622
0.44115
0.98612
0.054736
0.20695
0.65648
0.90203
0.35347
0.9141
0.31408
0.86172
0.47663
0.99779
0.0088218
0.034975
0.135
0.4671
0.99565
0.017344
0.068169
0.25408
0.75808
0.73356
0.78178
0.68238
0.86692
0.46146
0.99403
0.023726
0.092652
0.33626
0.89274
0.38302
0.94524
0.20703
0.65666
0.90181
0.35418
0.91493
0.31134
0.85761
0.48845
0.99944
0.0022335
0.0089137
0.035336
0.13635
0.47101
0.99661
0.013498
0.053263
0.2017
0.64405
0.91697
0.30454
0.84715
0.51792
0.99869
0.0052335
0.020824
0.081559
0.29962
0.83937
0.5393
0.9938
0.024651
0.096172
0.34768
0.90717
0.33683
0.89347
0.3807
0.94305
0.21483
0.67469
0.8779
0.42874
0.97966
0.079688
0.29334
0.82915
0.56662
0.98222
0.069839
0.25984
0.76927
0.70995
0.82366
0.58097
0.97375
0.10223
0.36711
0.92933
0.26268
0.77471
0.69813
0.84296
0.52951
0.99649
0.013979
0.055134
0.20837
0.65979
0.89784
0.36688
0.92909
0.26352
0.77629
0.69463
0.84845
0.51432
0.99915
0.0033791
0.01347
0.053154
0.20131
0.64312
0.91804
0.30095
0.84149
0.53352
0.99548
0.01799
0.070663
0.26267
0.77468
0.69818
0.84288
0.52973
0.99644
0.014194
0.055968
0.21134
0.66668
0.88885
0.39518
0.95603
0.16816
0.55951
0.98581
0.055952
0.21128
0.66654
0.88903
0.39461
0.95555
0.16991
0.56414
0.98352
0.064825
0.24248
0.73473
0.7796
0.68729
0.85967
0.48253
0.99875
0.0049784
0.019814
0.077684
0.28659
0.8178
0.59599
0.96312
0.14207
0.48754
0.99935
0.002584
0.010309
0.040809
0.15657
0.52822
0.99679
0.012797
0.050532
0.19191
0.62031
0.94208
0.21825
0.68245
0.86683
0.46174
0.99412
0.023378
0.091322
0.33192
0.88698
0.40099
0.96076
0.15079
0.5122
0.99938
0.0024796
0.0098937
0.039182
0.15058
0.51162
0.99943
0.0022598
0.0090187
0.035749
0.13788
0.47546
0.99757
0.0097092
0.038459
0.14791
0.50413
0.99991
0.00037288
0.0014909
0.0059546
0.023676
0.09246
0.33564
0.89192
0.3856
0.94763
0.19852
0.63641
0.92554
0.27565
0.79865
0.64321
0.91794
0.30131
0.84207
0.53195
0.99589
0.016366
0.064393
0.24098
0.73161
0.7854
0.67417
0.87864
0.42653
0.97838
0.084597
0.30975
0.85521
0.4953
0.99989
0.00045277
0.0018102
0.0072276
0.028701
0.11151
0.39628
0.95694
0.16481
0.55056
0.98975
0.040584
0.15575
0.52594
0.99728
0.010838
0.04288
0.16416
0.54883
0.99044
0.037883
0.14579
0.49812
0.99996
0.00015633
0.00062522
0.0024993
0.0099718
0.039489
0.15171
0.51477
0.9991
0.003588
0.0143
0.056381
0.2128
0.67005
0.8843
0.40923
0.96702
0.12757
0.44517
0.98795
0.047614
0.18138
0.59392
0.96469
0.13624
0.4707
0.99654
0.013783
0.054372
0.20566
0.65343
0.90581
0.34125
0.89917
0.36264
0.92451
0.27917
0.80491
0.6281
0.93433
0.24541
0.74071
0.76821
0.71224
0.8198
0.5909
0.96693
0.12791
0.44618
0.98839
0.0459
0.17517
0.57793
0.97568
0.094893
0.34354
0.90206
0.35337
0.91397
0.31449
0.86233
0.47487
0.99745
0.010181
0.040308
0.15473
0.52314
0.99783
0.0086469
0.034288
0.13244
0.4596
0.99345
0.026041
0.10145
0.36462
0.92667
0.27181
0.79169
0.65965
0.89803
0.36629
0.92846
0.26567
0.78033
0.68564
0.86212
0.47546
0.99757
0.0097137
0.038476
0.14798
0.50432
0.9999
0.00039787
0.0015908
0.0063529
0.02525
0.098446
0.35501
0.91589
0.30815
0.85275
0.50226
0.99995
0.00018188
0.00072738
0.0029073
0.011595
0.045842
0.17496
0.57737
0.97603
0.093581
0.33929
0.89666
0.37063
0.93303
0.24995
0.74988
0.75022
0.74954
0.75091
0.74816
0.75364
0.74264
0.76448
0.72018
0.80606
0.62529
0.93719
0.23546
0.72005
0.80629
0.62474
0.93774
0.23354
0.71597
0.81341
0.60709
0.9541
0.17515
0.57789
0.97571
0.094799
0.34324
0.90168
0.35459
0.9154
0.30976
0.85521
0.49528
0.99989
0.00045597
0.001823
0.0072786
0.028902
0.11226
0.39863
0.95887
0.15774
0.53142
0.99603
0.01583
0.062314
0.23372
0.71636
0.81273
0.60878
0.95265
0.18044
0.59151
0.96648
0.12958
0.45114
0.99043
0.037927
0.14595
0.49859
0.99997
0.0001319
0.00052751
0.0021089
0.0084175
0.033386
0.12908
0.44967
0.98984
0.040222
0.15441
0.52226
0.99799
0.0080134
0.031796
0.12314
0.43189
0.98142
0.072949
0.2705
0.78931
0.66519
0.89082
0.38901
0.9507
0.18746
0.60925
0.95223
0.18194
0.59535
0.96361
0.14026
0.48233
0.99873
0.0050907
0.020259
0.07939
0.29234
0.82749
0.57098
0.97982
0.079071
0.29127
0.8257
0.57565
0.97708
0.089569
0.32618
0.87912
0.42506
0.97751
0.087922
0.32076
0.87147
0.44803
0.98917
0.042835
0.164
0.54839
0.99061
0.037218
0.14333
0.49113
0.99966
0.0013581
0.0054249
0.021581
0.08446
0.3093
0.85451
0.49728
0.99995
0.00021865
0.00087437
0.0034943
0.013928
0.054935
0.20766
0.65814
0.89994
0.36019
0.92178
0.28838
0.82085
0.5882
0.96886
0.12069
0.42448
0.97716
0.08926
0.32516
0.8777
0.42935
0.98001
0.07836
0.28887
0.82168
0.58608
0.97034
0.11512
0.40747
0.96573
0.13238
0.45942
0.99339
0.026268
0.10231
0.36736
0.9296
0.26177
0.77296
0.70194
0.83685
0.5461
0.99147
0.033815
0.13068
0.4544
0.99166
0.033084
0.12795
0.44631
0.98845
0.045681
0.17437
0.57585
0.97696
0.090031
0.32769
0.88122
0.41868
0.97352
0.10311
0.3699
0.93228
0.25254
0.75504
0.7398
0.76997
0.70846
0.82616
0.57445
0.9778
0.086814
0.3171
0.86617
0.46366
0.99469
0.021113
0.082667
0.30333
0.84526
0.52318
0.99783
0.0086785
0.034412
0.13291
0.46096
0.99388
0.024333
0.094961
0.34376
0.90234
0.35249
0.91293
0.31793
0.86738
0.4601
0.99361
0.025402
0.099023
0.35686
0.91802
0.30102
0.84161
0.53321
0.99556
0.017665
0.069409
0.25836
0.76642
0.71607
0.81324
0.60751
0.95374
0.17646
0.58128
0.97355
0.10299
0.36952
0.93188
0.25391
0.75773
0.73428
0.78044
0.6854
0.86248
0.47443
0.99736
0.010537
0.041701
0.15985
0.53717
0.99445
0.022077
0.086356
0.31559
0.86395
0.47016
0.99641
0.014294
0.056358
0.21272
0.66987
0.88456
0.40845
0.96645
0.12969
0.45147
0.99055
0.037423
0.14408
0.49328
0.99979
0.00082127
0.0032823
0.013086
0.051657
0.19595
0.6302
0.93217
0.2529
0.75575
0.73835
0.77274
0.70244
0.83605
0.54828
0.99065
0.037045
0.14269
0.48929
0.99952
0.0019325
0.007715
0.030621
0.11873
0.41853
0.97342
0.10348
0.37106
0.93348
0.24838
0.74672
0.7565
0.73682
0.77564
0.69607
0.84621
0.52054
0.99829
0.0068397
0.027171
0.10573
0.37819
0.94063
0.22339
0.69393
0.84954
0.51128
0.99947
0.0021351
0.0085221
0.033797
0.13062
0.45421
0.99159
0.033364
0.129
0.44943
0.98975
0.040595
0.15578
0.52605
0.99726
0.010928
0.043232
0.16545
0.55229
0.98904
0.043361
0.16592
0.55355
0.9885
0.045452
0.17354
0.57368
0.97826
0.085072
0.31133
0.85759
0.48849
0.99945
0.0022165
0.0088462
0.035071
0.13536
0.46814
0.99592
0.016272
0.064028
0.23971
0.72897
0.79027
0.66297
0.89375
0.37984
0.94223
0.21773
0.68129
0.86852
0.45677
0.9925
0.029774
0.11555
0.40878
0.96669
0.1288
0.44883
0.9895
0.041558
0.15932
0.53573
0.99487
0.020421
0.080015
0.29444
0.83097
0.56183
0.98468
0.060329
0.22675
0.70132
0.83785
0.5434
0.99244
0.030012
0.11644
0.41152
0.96866
0.12141
0.42667
0.97847
0.084268
0.30866
0.85354
0.50004
0.99997
0.00010002
0.00040001
0.0015994
0.0063871
0.025385
0.098958
0.35665
0.91778
0.30182
0.84287
0.52974
0.99644
0.014196
0.055975
0.21136
0.66674
0.88877
0.39542
0.95623
0.16743
0.55757
0.98672
0.052418
0.19868
0.6368
0.92511
0.2771
0.80125
0.63699
0.92491
0.27778
0.80246
0.63406
0.92809
0.26697
0.78276
0.68017
0.87013
0.452
0.99076
0.036626
0.14114
0.48486
0.99906
0.003766
0.015007
0.059125
0.22251
0.69199
0.85254
0.50284
0.99994
0.00022878
0.0009149
0.0036562
0.014571
0.057433
0.21653
0.67857
0.87244
0.44516
0.98794
0.047643
0.18149
0.59418
0.96449
0.13698
0.47284
0.99702
0.011866
0.046901
0.1788
0.58731
0.96948
0.11833
0.41732
0.97263
0.10648
0.38057
0.94292
0.21527
0.67569
0.87651
0.43295
0.98199
0.070739
0.26293
0.77518
0.69709
0.8446
0.52498
0.99748
0.010056
0.039819
0.15293
0.51816
0.99866
0.0053666
0.021351
0.083577
0.30636
0.84999
0.51001
0.99957
0.0017018
0.0067955
0.026997
0.10507
0.37611
0.93858
0.23059
0.70965
0.82416
0.57966
0.9746
0.099034
0.35689
0.91806
0.30089
0.84141
0.53375
0.99542
0.018243
0.071641
0.26603
0.78101
0.68413
0.86437
0.46893
0.99611
0.015481
0.060965
0.22899
0.70619
0.82992
0.5646
0.98328
0.065745
0.24568
0.74127
0.76713
0.71455
0.81586
0.60091
0.95924
0.15638
0.52768
0.99691
0.012322
0.04868
0.18523
0.60368
0.95698
0.16467
0.5502
0.98989
0.040016
0.15366
0.52017
0.99835
0.0065969
0.026213
0.1021
0.3667
0.9289
0.26418
0.77754
0.69186
0.85274
0.50229
0.99995
0.0001836
0.00073426
0.0029348
0.011705
0.046269
0.17651
0.5814
0.97347
0.10329
0.37047
0.93287
0.2505
0.75098
0.74802
0.75392
0.74209
0.76556
0.7179
0.81006
0.61543
0.94668
0.20192
0.64457
0.91638
0.30651
0.85023
0.50934
0.99963
0.0014942
0.0059676
0.023727
0.092655
0.33627
0.89275
0.38298
0.94521
0.20716
0.65697
0.90142
0.35543
0.91638
0.3065
0.85021
0.5094
0.99962
0.0015122
0.0060394
0.024011
0.093737
0.33979
0.89731
0.36857
0.93088
0.25737
0.76451
0.72013
0.80616
0.62505
0.93742
0.23463
0.7183
0.80936
0.61718
0.94505
0.20772
0.65827
0.89978
0.36068
0.92234
0.28651
0.81767
0.59633
0.96286
0.14304
0.49031
0.9996
0.0016008
0.0063929
0.025407
0.099045
0.35693
0.9181
0.30075
0.84118
0.53436
0.99525
0.018904
0.074185
0.27472
0.79697
0.64721
0.91329
0.31675
0.86565
0.46518
0.99513
0.019398
0.076086
0.28118
0.80845
0.61941
0.94294
0.21521
0.67557
0.87668
0.43244
0.98172
0.071794
0.26655
0.78199
0.68191
0.86761
0.45943
0.99339
0.026254
0.10226
0.36719
0.92942
0.26238
0.77413
0.6994
0.84095
0.53501
0.99507
0.019615
0.076918
0.284
0.81335
0.60722
0.95399
0.17557
0.57896
0.97504
0.097353
0.35149
0.91176
0.3218
0.87296
0.44358
0.98724
0.050379
0.19136
0.61895
0.94338
0.21364
0.67198
0.88166
0.41732
0.97263
0.10648
0.38056
0.94291
0.21532
0.67582
0.87633
0.4335
0.98229
0.069591
0.25899
0.76763
0.71348
0.81768
0.59629
0.96289
0.14293
0.49
0.99958
0.0016981
0.0067808
0.026938
0.10485
0.37541
0.93789
0.23301
0.71485
0.81533
0.60225
0.95815
0.16038
0.53861
0.99401
0.023809
0.092966
0.33729
0.89407
0.37881
0.94123
0.22125
0.68918
0.85682
0.49072
0.99963
0.0014787
0.005906
0.023484
0.091728
0.33325
0.88875
0.39548
0.95628
0.16723
0.55703
0.98696
0.051462
0.19525
0.6285
0.93393
0.2468
0.74355
0.76272
0.7239
0.79945
0.64129
0.92012
0.29399
0.83022
0.56382
0.98369
0.064193
0.24028
0.73017
0.78806
0.66806
0.887
0.40091
0.9607
0.15101
0.51281
0.99932
0.002723
0.010862
0.042976
0.16451
0.54978
0.99006
0.039346
0.15119
0.5133
0.99927
0.0029294
0.011683
0.046185
0.1762
0.58061
0.97398
0.10136
0.36432
0.92634
0.27292
0.79371
0.65492
0.90398
0.3472
0.90659
0.33873
0.89595
0.3729
0.93536
0.24185
0.73341
0.78206
0.68176
0.86784
0.45878
0.99318
0.027102
0.10547
0.37736
0.93982
0.22624
0.70019
0.83967
0.53849
0.99405
0.023656
0.092385
0.33539
0.89159
0.38661
0.94855
0.19522
0.62842
0.93401
0.24653
0.74299
0.76381
0.7216
0.80356
0.63139
0.93092
0.25721
0.76419
0.72079
0.80499
0.62791
0.93453
0.24473
0.73932
0.77088
0.70649
0.82943
0.56588
0.98261
0.06834
0.25467
0.75924
0.73117
0.78622
0.67229
0.88124
0.41862
0.97348
0.10326
0.37036
0.93276
0.25088
0.75175
0.74648
0.75698
0.73583
0.77751
0.69193
0.85263
0.50259
0.99995
0.00020712
0.00082827
0.0033103
0.013197
0.05209
0.1975
0.63396
0.9282
0.26659
0.78205
0.68177
0.86781
0.45884
0.9932
0.027017
0.10515
0.37635
0.93882
0.22974
0.70783
0.82721
0.57171
0.9794
0.080687
0.2967
0.83465
0.55201
0.98915
0.042915
0.16429
0.54918
0.9903
0.038413
0.14775
0.50366
0.99992
0.00031442
0.0012573
0.0050226
0.019989
0.078355
0.28886
0.82165
0.58615
0.97029
0.11531
0.40803
0.96614
0.13083
0.45486
0.99182
0.03244
0.12555
0.43912
0.98515
0.058508
0.22033
0.68713
0.85991
0.48185
0.99866
0.0053661
0.021348
0.083569
0.30633
0.84995
0.51013
0.99956
0.0017395
0.0069457
0.027589
0.10731
0.38316
0.94537
0.20656
0.65556
0.90319
0.34976
0.90969
0.32862
0.8825
0.41477
0.97092
0.11293
0.4007
0.96054
0.15163
0.51453
0.99913
0.0034742
0.013848
0.054624
0.20655
0.65554
0.9032
0.3497
0.90961
0.32886
0.88283
0.41376
0.97023
0.11554
0.40876
0.96668
0.12884
0.44894
0.98955
0.041371
0.15864
0.53387
0.99539
0.018365
0.07211
0.26764
0.78401
0.67734
0.87417
0.43996
0.98556
0.056937
0.21477
0.67457
0.87808
0.42821
0.97936
0.080847
0.29723
0.83552
0.54968
0.9901
0.039197
0.15064
0.51178
0.99942
0.0023172
0.0092471
0.036646
0.14121
0.48506
0.99908
0.0036683
0.014619
0.05762
0.21719
0.68007
0.87028
0.45156
0.99059
0.037292
0.1436
0.49191
0.99971
0.0011469
0.0045823
0.018245
0.071645
0.26604
0.78103
0.68406
0.86446
0.46866
0.99605
0.015755
0.062027
0.23271
0.71421
0.81644
0.59946
0.96041
0.15209
0.51581
0.99897
0.0040973
0.016322
0.06422
0.24038
0.73037
0.78771
0.66888
0.88589
0.40433
0.96337
0.14116
0.48491
0.99906
0.0037392
0.0149
0.058712
0.22106
0.68874
0.85748
0.48881
0.99947
0.0021038
0.0083973
0.033306
0.12878
0.44878
0.98948
0.041625
0.15957
0.5364
0.99467
0.021189
0.082956
0.30429
0.84677
0.51899
0.99853
0.0058595
0.0233
0.091026
0.33095
0.88567
0.40502
0.96389
0.13921
0.47931
0.99826
0.0069385
0.027561
0.1072
0.38283
0.94506
0.20769
0.65819
0.89988
0.36038
0.922
0.28766
0.81963
0.59133
0.96661
0.12908
0.44967
0.98984
0.040214
0.15438
0.52218
0.99801
0.007956
0.03157
0.12229
0.42933
0.98
0.078402
0.28901
0.82192
0.58546
0.97077
0.11352
0.40251
0.96196
0.14636
0.49975
0.99997
0.000101
0.00040395
0.0016151
0.0064498
0.025632
0.099898
0.35966
0.9212
0.29035
0.82417
0.57963
0.97461
0.098981
0.35673
0.91787
0.30154
0.84244
0.53093
0.99615
0.015345
0.060437
0.22713
0.70215
0.83652
0.54702
0.99113
0.035151
0.13566
0.46901
0.99613
0.015408
0.060681
0.22799
0.70402
0.83348
0.55516
0.98781
0.048181
0.18343
0.59913
0.96067
0.15112
0.51313
0.99929
0.0028555
0.011389
0.045036
0.17203
0.56972
0.98053
0.07636
0.28211
0.81008
0.6154
0.94671
0.20179
0.64427
0.91672
0.30536
0.84843
0.51437
0.99915
0.0033996
0.013552
0.053471
0.20244
0.64582
0.91492
0.31135
0.85763
0.4884
0.99944
0.0022531
0.0089919
0.035643
0.13749
0.47433
0.99734
0.010615
0.042007
0.16097
0.54021
0.99351
0.025805
0.10055
0.36176
0.92354
0.28246
0.81069
0.61388
0.9481
0.19681
0.63228
0.92998
0.26045
0.77044
0.70744
0.82786
0.57002
0.98036
0.077003
0.28429
0.81385
0.60597
0.95506
0.17169
0.56884
0.98102
0.074478
0.27572
0.79877
0.64293
0.91826
0.30022
0.84034
0.53667
0.9946
0.021499
0.084145
0.30825
0.85291
0.50181
0.99996
0.00015237
0.00060935
0.0024359
0.0097195
0.038499
0.14806
0.50455
0.99989
0.00043145
0.001725
0.006888
0.027362
0.10645
0.38046
0.94282
0.21564
0.67654
0.87531
0.43655
0.98387
0.063465
0.23774
0.72486
0.79772
0.64542
0.91538
0.30982
0.8553
0.49503
0.99988
0.00049565
0.0019816
0.0079104
0.031391
0.12162
0.4273
0.97883
0.082873
0.30401
0.84634
0.5202
0.99834
0.0066143
0.026281
0.10236
0.36752
0.92977
0.26117
0.77182
0.70443
0.83282
0.55692
0.98702
0.051261
0.19453
0.62673
0.93573
0.24055
0.73072
0.78705
0.67039
0.88384
0.41065
0.96804
0.12375
0.43373
0.98241
0.069126
0.25738
0.76453
0.72008
0.80623
0.62487
0.93761
0.23399
0.71693
0.81175
0.61123
0.95049
0.18825
0.61122
0.95049
0.18822
0.61115
0.95056
0.18798
0.61055
0.95109
0.18606
0.60574
0.95525
0.17099
0.567
0.98202
0.070621
0.26253
0.77441
0.69878
0.84192
0.53235
0.99579
0.016768
0.065947
0.24639
0.7427
0.76436
0.72044
0.80561
0.6264
0.93607
0.23936
0.72824
0.7916
0.65987
0.89775
0.36717
0.9294
0.26244
0.77425
0.69913
0.84136
0.53388
0.99538
0.018379
0.072165
0.26782
0.78435
0.67656
0.87529
0.43662
0.98391
0.063328
0.23726
0.72386
0.79952
0.64113
0.92031
0.29336
0.82918
0.56655
0.98226
0.069696
0.25935
0.76833
0.71199
0.82023
0.58981
0.96771
0.12497
0.43741
0.98431
0.061787
0.23187
0.71241
0.81951
0.59165
0.96638
0.12997
0.4523
0.99087
0.036174
0.13946
0.48003
0.99838
0.0064723
0.025721
0.10023
0.36074
0.92241
0.28628
0.81728
0.59731
0.9621
0.14586
0.49832
0.99996
0.00014513
0.00058043
0.0023203
0.0092595
0.036694
0.14139
0.48557
0.99914
0.0034266
0.013659
0.053889
0.20393
0.64937
0.91074
0.32517
0.87772
0.4293
0.97998
0.07847
0.28924
0.82231
0.58446
0.97144
0.11096
0.3946
0.95554
0.16994
0.56424
0.98347
0.065024
0.24318
0.73615
0.77692
0.69325
0.85059
0.50834
0.9997
0.0012116
0.0048406
0.019268
0.075585
0.27948
0.80547
0.62674
0.93572
0.24058
0.73079
0.78693
0.67066
0.88347
0.41178
0.96885
0.12073
0.42462
0.97725
0.088946
0.32413
0.87626
0.43372
0.9824
0.069156
0.25749
0.76473
0.71965
0.80699
0.623
0.93946
0.2275
0.70296
0.83521
0.55053
0.98976
0.040537
0.15557
0.52546
0.99738
0.010444
0.041339
0.15852
0.53354
0.99548
0.018016
0.070765
0.26302
0.77535
0.69671
0.84519
0.52335
0.99779
0.0088059
0.034912
0.13477
0.46642
0.99546
0.01806
0.070934
0.2636
0.77645
0.69429
0.84898
0.51284
0.99932
0.0027365
0.010916
0.043186
0.16528
0.55184
0.98923
0.042625
0.16323
0.54632
0.99139
0.034133
0.13187
0.4579
0.99289
0.028252
0.10981
0.391
0.95245
0.18114
0.5933
0.96516
0.13451
0.46566
0.99526
0.018882
0.0741
0.27443
0.79645
0.64845
0.91183
0.32158
0.87265
0.44452
0.98767
0.048729
0.18541
0.60413
0.95661
0.16604
0.55387
0.98837
0.045981
0.17546
0.57868
0.97521
0.096697
0.34938
0.90923
0.33011
0.88453
0.40853
0.96651
0.12948
0.45084
0.99031
0.038393
0.14767
0.50345
0.99993
0.00028996
0.0011595
0.0046323
0.018443
0.07241
0.26866
0.78591
0.67301
0.88024
0.42165
0.97542
0.0959
0.3468
0.9061
0.34032
0.89798
0.36643
0.92861
0.26516
0.77939
0.68775
0.85898
0.48452
0.99902
0.0039293
0.015655
0.061639
0.23135
0.7113
0.82139
0.58681
0.96983
0.11703
0.41332
0.96992
0.11668
0.41227
0.96919
0.11945
0.42071
0.97483
0.098155
0.35407
0.9148
0.31176
0.85825
0.48663
0.99926
0.0029591
0.011801
0.046646
0.17788
0.58493
0.97112
0.11217
0.39834
0.95864
0.1586
0.53378
0.99541
0.01827
0.071743
0.26638
0.78166
0.68266
0.86653
0.46262
0.99439
0.022329
0.087318
0.31876
0.86859
0.45654
0.99242
0.030084
0.11671
0.41236
0.96925
0.11921
0.41999
0.97437
0.099887
0.35963
0.92116
0.29049
0.8244
0.57905
0.97498
0.097575
0.35221
0.91261
0.31902
0.86896
0.45546
0.99204
0.031582
0.12233
0.42946
0.98007
0.078117
0.28805
0.82029
0.58964
0.96783
0.12453
0.43608
0.98363
0.064395
0.24099
0.73163
0.78537
0.67424
0.87854
0.42681
0.97855
0.083959
0.30763
0.85196
0.50449
0.99989
0.00042248
0.0016892
0.0067451
0.026798
0.10432
0.37373
0.9362
0.23892
0.72733
0.79327
0.65595
0.90269
0.35135
0.91159
0.32238
0.87378
0.44113
0.98611
0.05477
0.20708
0.65676
0.90168
0.35461
0.91543
0.30967
0.85507
0.49567
0.9999
0.00039925
0.0015963
0.0063749
0.025336
0.098776
0.35607
0.91711
0.30407
0.84642
0.51995
0.99838
0.0064572
0.025661
0.10001
0.36002
0.9216
0.28901
0.82191
0.58547
0.97075
0.11357
0.40267
0.96208
0.14592
0.49849
0.99997
0.00013639
0.00054549
0.0021807
0.0087036
0.034511
0.13328
0.46204
0.99421
0.02302
0.089959
0.32746
0.8809
0.41967
0.97416
0.10068
0.36218
0.92399
0.28091
0.80798
0.62059
0.94181
0.21921
0.68462
0.86364
0.47106
0.99662
0.013456
0.0531
0.20112
0.64266
0.91857
0.29918
0.83867
0.5412
0.99319
0.027073
0.10536
0.37702
0.93948
0.22743
0.70281
0.83546
0.54987
0.99003
0.039485
0.1517
0.51473
0.99911
0.0035697
0.014227
0.056099
0.2118
0.66775
0.88742
0.39961
0.95967
0.15483
0.52341
0.99778
0.0088502
0.035087
0.13542
0.46831
0.99596
0.016099
0.063359
0.23737
0.72409
0.79911
0.64211
0.91919
0.29711
0.83532
0.55023
0.98988
0.040052
0.15379
0.52053
0.99829
0.0068331
0.027145
0.10563
0.37788
0.94032
0.22446
0.6963
0.84585
0.52153
0.99812
0.0075054
0.029795
0.11563
0.40902
0.96687
0.12814
0.44686
0.98868
0.044764
0.17103
0.56711
0.98196
0.070862
0.26336
0.77598
0.69532
0.84738
0.5173
0.99878
0.0048797
0.019423
0.076181
0.2815
0.80902
0.61802
0.94426
0.21053
0.66481
0.89133
0.38744
0.9493
0.19252
0.6218
0.94063
0.22337
0.69388
0.84962
0.51106
0.99949
0.0020544
0.0082005
0.032532
0.12589
0.44016
0.98565
0.056561
0.21344
0.67152
0.8823
0.41536
0.97132
0.11142
0.39601
0.95672
0.16562
0.55275
0.98884
0.044124
0.1687
0.56096
0.98511
0.058666
0.22089
0.68838
0.85803
0.48724
0.99932
0.0027029
0.010782
0.042662
0.16336
0.54669
0.99125
0.034676
0.13389
0.46385
0.99475
0.020899
0.081848
0.30059
0.84092
0.53509
0.99505
0.019701
0.077249
0.28512
0.81528
0.60237
0.95806
0.16073
0.53958
0.99371
0.025003
0.097511
0.352
0.91236
0.31982
0.87013
0.45202
0.99077
0.036597
0.14103
0.48454
0.99902
0.0039198
0.015618
0.061493
0.23084
0.71019
0.82325
0.58202
0.97307
0.10482
0.37533
0.9378
0.23331
0.71549
0.81424
0.60501
0.95587
0.16873
0.56102
0.98508
0.058773
0.22127
0.68922
0.85676
0.49087
0.99964
0.0014336
0.005726
0.022772
0.089012
0.32435
0.87656
0.43279
0.9819
0.071071
0.26407
0.77733
0.69233
0.85202
0.50432
0.9999
0.00039808
0.0015917
0.0063564
0.025263
0.098497
0.35517
0.91608
0.30751
0.85176
0.50503
0.99987
0.00050521
0.0020198
0.0080625
0.031989
0.12386
0.43406
0.98259
0.068443
0.25503
0.75993
0.72972
0.78889
0.66615
0.88955
0.39299
0.95417
0.1749
0.57722
0.97612
0.09322
0.33811
0.89514
0.37543
0.93791
0.23293
0.71468
0.81562
0.60151
0.95876
0.15817
0.53259
0.99573
0.017022
0.066929
0.24979
0.74957
0.75085
0.74828
0.75341
0.74311
0.76356
0.72212
0.80263
0.63364
0.92853
0.26543
0.77988
0.68664
0.86064
0.47975
0.99833
0.0066524
0.026432
0.10293
0.36934
0.93168
0.25459
0.75907
0.7315
0.7856
0.67371
0.87928
0.42458
0.97722
0.089038
0.32443
0.87668
0.43243
0.98171
0.071803
0.26658
0.78205
0.68178
0.86781
0.45887
0.99321
0.026987
0.10503
0.37599
0.93846
0.23099
0.71052
0.82271
0.58341
0.97215
0.10831
0.3863
0.94827
0.19623
0.63087
0.93147
0.25533
0.76053
0.72848
0.79116
0.66088
0.89644
0.37132
0.93375
0.24745
0.74485
0.76018
0.72921
0.78983
0.66398
0.89242
0.384
0.94616
0.20378
0.64899
0.91119
0.32369
0.87564
0.43557
0.98337
0.065419
0.24455
0.73896
0.77157
0.70499
0.8319
0.55937
0.98588
0.055688
0.21034
0.66438
0.8919
0.38565
0.94767
0.19834
0.636
0.926
0.27411
0.79587
0.64983
0.91018
0.32701
0.88027
0.42155
0.97536
0.096125
0.34753
0.90699
0.33742
0.89425
0.37826
0.94069
0.22315
0.69341
0.85035
0.50899
0.99965
0.0013937
0.0055667
0.022142
0.086607
0.31642
0.86517
0.46661
0.99551
0.017861
0.070166
0.26097
0.77143
0.70528
0.83142
0.56064
0.98527
0.058057
0.21874
0.68355
0.86521
0.46648
0.99548
0.018
0.070703
0.26281
0.77494
0.69761
0.84378
0.52724
0.99701
0.011935
0.047169
0.17977
0.5898
0.96772
0.12496
0.43736
0.98428
0.061893
0.23224
0.7132
0.81816
0.59509
0.9638
0.13954
0.48025
0.99842
0.0063284
0.025153
0.098079
0.35383
0.91451
0.31271
0.85967
0.48254
0.99876
0.0049707
0.019784
0.077567
0.28619
0.81713
0.59771
0.96179
0.147
0.50156
0.99997
0.00013891
0.00055555
0.0022209
0.0088638
0.03514
0.13562
0.46889
0.9961
0.015526
0.061137
0.22959
0.7075
0.82776
0.57027
0.98022
0.077546
0.28612
0.81701
0.59801
0.96155
0.14788
0.50402
0.99991
0.0003586
0.0014338
0.005727
0.022776
0.089028
0.3244
0.87664
0.43257
0.98179
0.07152
0.26561
0.78023
0.68587
0.86179
0.47642
0.99775
0.0089761
0.035581
0.13726
0.47366
0.9972
0.01117
0.044181
0.16891
0.56151
0.98484
0.059716
0.22459
0.69659
0.84539
0.52281
0.99789
0.0084091
0.033353
0.12896
0.4493
0.98969
0.040804
0.15655
0.52816
0.9968
0.012744
0.050327
0.19117
0.61848
0.94382
0.21208
0.66839
0.88656
0.40228
0.96178
0.14704
0.50167
0.99996
0.00014451
0.00057795
0.0023104
0.0092201
0.03654
0.14081
0.48393
0.99894
0.0042275
0.016838
0.066216
0.24732
0.74459
0.76068
0.72817
0.79174
0.65954
0.89817
0.36584
0.92798
0.26732
0.78343
0.67866
0.8723
0.44556
0.98812
0.046947
0.17897
0.58773
0.96919
0.11945
0.42073
0.97484
0.098113
0.35394
0.91464
0.31229
0.85903
0.48436
0.999
0.0040075
0.015966
0.062841
0.23556
0.72027
0.8059
0.62568
0.93679
0.23684
0.72296
0.80113
0.63727
0.92461
0.27882
0.8043
0.62959
0.93281
0.25071
0.75139
0.74719
0.75556
0.73873
0.77201
0.70403
0.83346
0.5552
0.98779
0.048262
0.18372
0.59987
0.96008
0.15329
0.51915
0.99851
0.0059594
0.023695
0.092532
0.33587
0.89222
0.38463
0.94674
0.2017
0.64404
0.91698
0.30449
0.84709
0.5181
0.99866
0.0053367
0.021232
0.083124
0.30485
0.84764
0.51656
0.99888
0.0044848
0.017858
0.070156
0.26093
0.77136
0.70543
0.83117
0.5613
0.98494
0.059319
0.22319
0.6935
0.85021
0.50939
0.99962
0.0015091
0.006027
0.023962
0.09355
0.33918
0.89653
0.37104
0.93346
0.24846
0.74689
0.75617
0.7375
0.77436
0.69888
0.84176
0.53277
0.99568
0.017211
0.067657
0.25231
0.75458
0.74074
0.76816
0.71234
0.81963
0.59132
0.96662
0.12907
0.44962
0.98982
0.040296
0.15469
0.52302
0.99786
0.0085582
0.033939
0.13115
0.45577
0.99215
0.031148
0.12071
0.42455
0.9772
0.08911
0.32467
0.87701
0.43143
0.98117
0.073899
0.27374
0.79521
0.65138
0.90831
0.33311
0.88857
0.39606
0.95676
0.16548
0.55238
0.989
0.04352
0.1665
0.5551
0.98783
0.048084
0.18308
0.59824
0.96137
0.14854
0.50588
0.99984
0.00065297
0.0026101
0.010413
0.041217
0.15807
0.53232
0.9958
0.01674
0.065837
0.246
0.74192
0.76587
0.71723
0.81123
0.61253
0.94932
0.19243
0.62159
0.94084
0.22262
0.69222
0.85218
0.50387
0.99992
0.0003395
0.0013575
0.0054226
0.021572
0.084425
0.30918
0.85433
0.49778
0.99996
0.00017864
0.0007144
0.0028555
0.011389
0.045036
0.17203
0.56972
0.98053
0.076364
0.28212
0.8101
0.61534
0.94676
0.20162
0.64386
0.91719
0.30379
0.84599
0.52115
0.99819
0.007242
0.028758
0.11172
0.39694
0.95749
0.16279
0.54515
0.99182
0.032448
0.12558
0.43922
0.9852
0.058324
0.21968
0.68567
0.86208
0.47558
0.99759
0.0096155
0.038091
0.14656
0.5003
0.99997
0.00010145
0.00040575
0.0016223
0.0064786
0.025746
0.10033
0.36104
0.92274
0.28515
0.81534
0.60224
0.95816
0.16034
0.53851
0.99404
0.02368
0.092475
0.33568
0.89198
0.3854
0.94745
0.19917
0.63798
0.92382
0.28149
0.809
0.61806
0.94422
0.21067
0.66514
0.8909
0.38879
0.9505
0.18818
0.61106
0.95064
0.18768
0.60981
0.95175
0.18369
0.59978
0.96015
0.15305
0.51848
0.99861
0.0055588
0.022111
0.086487
0.31602
0.86458
0.46831
0.99596
0.016104
0.063377
0.23743
0.72422
0.79888
0.64266
0.91857
0.29918
0.83866
0.54121
0.99318
0.027089
0.10542
0.37721
0.93966
0.22678
0.70138
0.83777
0.54363
0.99236
0.030326
0.11762
0.41514
0.97117
0.11199
0.39779
0.95819
0.16024
0.53824
0.99413
0.02336
0.091254
0.3317
0.88667
0.40192
0.9615
0.14807
0.50457
0.99989
0.00043452
0.0017373
0.006937
0.027555
0.10718
0.38276
0.94499
0.20792
0.65875
0.89918
0.36263
0.92449
0.27923
0.80501
0.62785
0.93459
0.24451
0.73887
0.77174
0.70461
0.83252
0.5577
0.98666
0.052653
0.19952
0.63883
0.92288
0.28467
0.81451
0.60433
0.95644
0.16665
0.55549
0.98766
0.048759
0.18552
0.60439
0.95638
0.16685
0.55604
0.98741
0.049712
0.18896
0.613
0.9489
0.19394
0.6253
0.93718
0.23549
0.72011
0.80619
0.62498
0.9375
0.23439
0.71778
0.81027
0.61491
0.94716
0.2002
0.64047
0.92105
0.29086
0.82502
0.57744
0.97599
0.093747
0.33983
0.89735
0.36843
0.93074
0.25786
0.76546
0.71811
0.80969
0.61635
0.94583
0.20495
0.65177
0.90784
0.33465
0.89061
0.38968
0.9513
0.18532
0.6039
0.9568
0.16534
0.55201
0.98916
0.042901
0.16424
0.54904
0.99036
0.038205
0.14698
0.50149
0.99997
0.0001354
0.00054152
0.0021649
0.0086405
0.034262
0.13235
0.45933
0.99336
0.026393
0.10278
0.36887
0.9312
0.25627
0.76236
0.72465
0.79812
0.64449
0.91646
0.30622
0.84978
0.51061
0.99952
0.0019014
0.0075908
0.030132
0.11689
0.41291
0.96963
0.11777
0.4156
0.97148
0.11082
0.39414
0.95515
0.17136
0.56797
0.9815
0.072636
0.26943
0.78733
0.66974
0.88473
0.40792
0.96606
0.13115
0.4558
0.99216
0.031111
0.12057
0.42412
0.97695
0.090084
0.32787
0.88146
0.41795
0.97304
0.10491
0.37562
0.93809
0.23229
0.71331
0.81797
0.59557
0.96344
0.14089
0.48415
0.99897
0.0041152
0.016393
0.064494
0.24133
0.73234
0.78405
0.67725
0.87431
0.43957
0.98537
0.05767
0.21737
0.68047
0.8697
0.45326
0.99124
0.034742
0.13414
0.46456
0.99495
0.020089
0.07874
0.29015
0.82383
0.58051
0.97405
0.10111
0.36355
0.92551
0.27577
0.79887
0.6427
0.91853
0.29933
0.83891
0.54054
0.9934
0.026225
0.10215
0.36684
0.92905
0.26364
0.77652
0.69412
0.84924
0.5121
0.99939
0.0024423
0.0097451
0.038599
0.14843
0.50559
0.99985
0.00060052
0.0024006
0.009579
0.037948
0.14603
0.4988
0.99997
0.00012288
0.00049143
0.0019647
0.0078432
0.031126
0.12063
0.42429
0.97705
0.089697
0.3266
0.8797
0.42329
0.97644
0.092016
0.33419
0.89001
0.39157
0.95295
0.17933
0.58868
0.96852
0.12196
0.42832
0.97942
0.080608
0.29644
0.83422
0.55316
0.98867
0.044802
0.17117
0.56748
0.98176
0.071618
0.26595
0.78086
0.68445
0.86389
0.47032
0.99645
0.014141
0.055764
0.21061
0.665
0.89108
0.38823
0.95001
0.18997
0.61552
0.9466
0.20219
0.64523
0.91561
0.30907
0.85417
0.49825
0.99996
0.00014894
0.00059566
0.0023811
0.0095017
0.037645
0.14491
0.49562
0.9999
0.00040678
0.0016264
0.0064949
0.02581
0.10057
0.36182
0.92361
0.28222
0.81027
0.61491
0.94716
0.20019
0.64044
0.92108
0.29075
0.82484
0.5779
0.9757
0.094831
0.34334
0.90181
0.35418
0.91493
0.31133
0.8576
0.48848
0.99944
0.002222
0.008868
0.035156
0.13568
0.46907
0.99615
0.01535
0.060455
0.22719
0.70229
0.83629
0.54762
0.99091
0.036046
0.13898
0.47866
0.99815
0.0073733
0.029275
0.11367
0.40298
0.96233
0.14501
0.49592
0.99991
0.00036657
0.0014657
0.005854
0.023278
0.090944
0.33068
0.88531
0.40615
0.96474
0.13605
0.47016
0.99641
0.014299
0.056377
0.21279
0.67003
0.88434
0.40912
0.96694
0.12788
0.44609
0.98835
0.046048
0.17571
0.57932
0.97481
0.098219
0.35428
0.91504
0.31097
0.85704
0.49007
0.99958
0.0016773
0.0066976
0.02661
0.10361
0.37148
0.93391
0.2469
0.74374
0.76234
0.72469
0.79804
0.64467
0.91625
0.30692
0.85086
0.50757
0.99975
0.0010161
0.0040601
0.016174
0.063648
0.23838
0.72621
0.79531
0.65116
0.90858
0.33226
0.88742
0.3996
0.95965
0.15487
0.52352
0.99776
0.0089313
0.035405
0.1366
0.47176
0.99678
0.012819
0.050618
0.19222
0.62106
0.94135
0.22083
0.68824
0.85824
0.48665
0.99926
0.0029473
0.011754
0.046463
0.17721
0.58322
0.97227
0.10783
0.3848
0.94689
0.20114
0.64271
0.91852
0.29937
0.83897
0.54039
0.99345
0.026033
0.10142
0.36453
0.92657
0.27216
0.79234
0.65814
0.89994
0.36017
0.92177
0.28842
0.82092
0.58802
0.96899
0.1202
0.423
0.97626
0.092698
0.33641
0.89293
0.38241
0.94466
0.20909
0.66147
0.89568
0.37374
0.93621
0.23889
0.72727
0.79337
0.65571
0.903
0.35037
0.91042
0.32622
0.87917
0.4249
0.97741
0.088305
0.32202
0.87327
0.44267
0.98683
0.051999
0.19718
0.63318
0.92903
0.26372
0.77667
0.6938
0.84974
0.51071
0.99952
0.0019326
0.0077152
0.030622
0.11873
0.41854
0.97343
0.10345
0.37099
0.9334
0.24864
0.74726
0.75543
0.739
0.77149
0.70516
0.83162
0.56011
0.98552
0.057073
0.21526
0.67567
0.87654
0.43286
0.98194
0.07092
0.26355
0.77635
0.6945
0.84866
0.51372
0.99922
0.0031111
0.012405
0.049005
0.18641
0.60663
0.9545
0.17373
0.57417
0.97797
0.086162
0.31495
0.863
0.47292
0.99704
0.011799
0.046637
0.17784
0.58484
0.97118
0.11195
0.39765
0.95807
0.16068
0.53943
0.99376
0.024817
0.096804
0.34972
0.90964
0.32876
0.88269
0.41419
0.97052
0.11443
0.40533
0.96413
0.13834
0.4768
0.99782
0.0086893
0.034454
0.13307
0.46142
0.99402
0.023764
0.092796
0.33673
0.89335
0.38109
0.94341
0.21353
0.67172
0.88203
0.41621
0.97189
0.10927
0.38931
0.95097
0.18651
0.60689
0.95428
0.17452
0.57624
0.97672
0.090934
0.33065
0.88526
0.40628
0.96485
0.13567
0.46905
0.99614
0.015369
0.060528
0.22745
0.70285
0.83538
0.55007
0.98995
0.039803
0.15287
0.518
0.99868
0.0052748
0.020987
0.082185
0.30172
0.84271
0.53018
0.99633
0.01462
0.057623
0.21721
0.68009
0.87025
0.45166
0.99063
0.037131
0.14301
0.49021
0.99959
0.0016328
0.0065204
0.025911
0.10096
0.36304
0.92495
0.27767
0.80225
0.63456
0.92755
0.2688
0.78616
0.67242
0.88106
0.41917
0.97384
0.10189
0.36602
0.92817
0.26666
0.7822
0.68144
0.8683
0.45741
0.99272
0.028915
0.11231
0.39879
0.959
0.15727
0.53013
0.99634
0.014572
0.057436
0.21654
0.67859
0.8724
0.44525
0.98799
0.047473
0.18087
0.59262
0.96566
0.13263
0.46014
0.99362
0.025361
0.098868
0.35636
0.91745
0.30293
0.84463
0.5249
0.99749
0.009998
0.039591
0.15209
0.51582
0.99897
0.0041013
0.016338
0.064281
0.24059
0.73081
0.78689
0.67075
0.88336
0.41214
0.9691
0.11978
0.42172
0.97546
0.095739
0.34628
0.90546
0.3424
0.90062
0.358
0.91932
0.29667
0.83461
0.55213
0.98911
0.043099
0.16496
0.55098
0.98958
0.041253
0.1582
0.53267
0.9957
0.017108
0.067259
0.25093
0.75185
0.74628
0.75737
0.73502
0.77904
0.68853
0.85781
0.48788
0.99939
0.0024472
0.0097647
0.038676
0.14872
0.50639
0.99981
0.00075382
0.0030129
0.012015
0.047482
0.1809
0.5927
0.9656
0.13285
0.46079
0.99382
0.024547
0.095777
0.34641
0.90561
0.3419
0.9
0.36
0.92157
0.2891
0.82207
0.58507
0.97103
0.11254
0.39948
0.95956
0.15521
0.52447
0.99758
0.0096571
0.038254
0.14716
0.502
0.99996
0.00016424
0.00065683
0.0026255
0.010474
0.041457
0.15895
0.53473
0.99515
0.019303
0.075718
0.27993
0.80626
0.6248
0.93768
0.23374
0.71641
0.81265
0.60897
0.95247
0.18106
0.59311
0.9653
0.13398
0.4641
0.99482
0.020617
0.080767
0.29697
0.83509
0.55084
0.98964
0.041023
0.15735
0.53036
0.99629
0.014796
0.058306
0.21962
0.68553
0.8623
0.47496
0.99747
0.010109
0.040026
0.15369
0.52027
0.99833
0.0066602
0.026463
0.10305
0.36971
0.93207
0.25325
0.75644
0.73693
0.77545
0.6965
0.84553
0.52243
0.99796
0.0081302
0.032255
0.12486
0.43706
0.98413
0.062472
0.23427
0.71754
0.81069
0.61386
0.94812
0.19677
0.63218
0.93009
0.26008
0.76973
0.70896
0.82533
0.57663
0.97649
0.091837
0.3336
0.88923
0.394
0.95503
0.17178
0.56907
0.98089
0.074964
0.27737
0.80172
0.63584
0.92617
0.27352
0.7948
0.65235
0.90713
0.33697
0.89366
0.38013
0.9425
0.21678
0.67913
0.87164
0.44754
0.98897
0.043646
0.16696
0.55633
0.98728
0.050215
0.19077
0.61749
0.94476
0.20874
0.66066
0.89673
0.37041
0.9328
0.25074
0.75145
0.74707
0.75581
0.73823
0.77297
0.70193
0.83687
0.54605
0.99149
0.033743
0.13041
0.45361
0.99137
0.03423
0.13223
0.45897
0.99324
0.026848
0.10451
0.37433
0.93681
0.23678
0.72285
0.80133
0.63678
0.92514
0.27702
0.8011
0.63734
0.92452
0.27911
0.80482
0.62833
0.9341
0.24621
0.74235
0.76506
0.71896
0.8082
0.62004
0.94234
0.21735
0.68041
0.86978
0.45303
0.99115
0.035088
0.13542
0.46833
0.99596
0.016086
0.063306
0.23719
0.7237
0.79981
0.64044
0.92108
0.29075
0.82484
0.5779
0.9757
0.094837
0.34336
0.90184
0.3541
0.91483
0.31165
0.85808
0.4871
0.99931
0.0027612
0.011014
0.04357
0.16668
0.55558
0.98762
0.048918
0.1861
0.60584
0.95517
0.17129
0.56779
0.9816
0.072262
0.26816
0.78497
0.67515
0.87727
0.43065
0.98074
0.075571
0.27943
0.80538
0.62696
0.9355
0.24134
0.73236
0.78401
0.67734
0.87419
0.43993
0.98554
0.056997
0.21499
0.67505
0.8774
0.43026
0.98052
0.076405
0.28226
0.81034
0.61475
0.94731
0.19965
0.63915
0.92253
0.28586
0.81656
0.59914
0.96066
0.15116
0.51324
0.99927
0.0029021
0.011575
