4.076387371580134644e-01
9.658775885049073473e-01
1.318322901154052595e-01
4.578101495933189491e-01
9.928800660906202946e-01
2.827696180202230250e-02
1.099095009330740697e-01
3.913176101508558657e-01
9.527525525466883360e-01
1.800605046498279238e-01
5.905548772602925434e-01
9.671992568174668792e-01
1.268994177168230042e-01
4.431838219998048833e-01
9.870876876697733948e-01
5.098233808205172857e-02
1.935325571429510894e-01
6.243108258746286054e-01
9.381872742814452160e-01
2.319676506311836028e-01
7.126346387673113680e-01
8.191460415851574695e-01
5.925832165620834591e-01
9.657133920440468255e-01
1.324441458833081342e-01
4.596107764181839306e-01
9.934748424738049088e-01
2.593031938181300858e-02
1.010317516742779420e-01
3.632973473116099528e-01
9.252495389918042878e-01
2.766513183490241223e-01
8.004614656190621735e-01
6.388916307121628169e-01
9.228364596724394353e-01
2.848373134867021594e-01
8.148200733294989062e-01
6.035532857152191566e-01
9.571068680703023190e-01
1.642132446518324018e-01
5.489890197309842401e-01
9.904003037831616840e-01
3.803016819752989830e-02
1.463354980175859132e-01
4.996856801501103340e-01
9.999996048121001513e-01
1.580750974700910238e-06
6.322993903708890210e-06
2.529181569382723684e-05
1.011647040715418002e-04
4.046178790967565092e-04
1.617816653874642368e-03
6.460797292596175481e-03
2.567622156375992323e-02
1.000678128398717753e-01
3.602169826932547503e-01
9.218428322904631544e-01
2.881944993806327404e-01
8.205537196294943048e-01
5.889812513267660421e-01
9.683293476492649265e-01
1.226704885216524377e-01
4.304897590700345056e-01
9.806733056234054891e-01
7.581269304427079581e-02
2.802605144705761497e-01
8.068582339970343797e-01
6.233520969128679701e-01
9.391370407487678040e-01
2.286346377696538701e-01
7.054433607263527195e-01
8.311721021338239757e-01
5.613001550730407629e-01
9.849691639520575803e-01
5.921964006256754537e-02
2.228506971737038433e-01
6.927530557715728676e-01
8.513850379628602472e-01
5.061142203833430830e-01
9.998504652363879863e-01
5.980496118659242664e-04
2.390767794110619082e-03
9.540208093860786873e-03
3.779677009354544259e-02
1.454726970561604493e-01
4.972415658694544494e-01
9.999695641645621746e-01
1.217396363909828741e-04
4.868992634076436802e-04
1.946648770059693570e-03
7.771437314502660856e-03
3.084416830627681461e-02
1.195712223510802391e-01
4.210957805461835179e-01
9.750964966095091446e-01
9.713327563747999049e-02
3.507936096056436526e-01
9.109498122619226201e-01
3.244810072075532958e-01
8.767723326764761405e-01
4.321704373180952907e-01
9.815966017054993387e-01
7.225885290285653795e-02
2.681500443200721673e-01
7.849823922048403402e-01
6.751401445328075734e-01
8.773037190920850437e-01
4.305676142371120396e-01
9.807165752290670779e-01
7.564629720014469372e-02
2.796957396802006168e-01
8.058641315397619964e-01
6.257885321496914344e-01
9.367089807184784123e-01
2.371410646393040944e-01
7.236207204041460450e-01
7.999750936237010057e-01
6.400597728217897187e-01
9.215330401484091993e-01
2.892395842529505989e-01
8.223201886165010244e-01
5.844387840408766799e-01
9.714803669987660539e-01
1.108250541388324378e-01
3.941714460558183308e-01
9.552012686803073027e-01
1.711672199673500150e-01
5.674760111039797161e-01
9.817879517019553193e-01
7.152147837933550689e-02
2.656246260390716651e-01
7.802727363226784618e-01
6.857887730967744400e-01
8.619301271647573648e-01
4.760263322019971377e-01
9.977010530092166318e-01
9.174647334067493470e-03
3.636189272145092660e-02
1.401588219166546301e-01
4.820573062223472149e-01
9.987122389599780714e-01
5.144410846102779288e-03
2.047178353259655748e-02
8.021075844636205154e-02
2.951079707032775445e-01
8.320770253226612567e-01
5.588993970113950160e-01
9.861234441267490158e-01
5.473598828138859923e-02
2.069598394729874613e-01
6.565098572731928872e-01
9.020186583052742790e-01
3.535239934976987519e-01
9.141791180765259650e-01
3.138226325973960118e-01
8.613519514681193812e-01
4.776990686807143782e-01
9.980106738491426599e-01
7.941474929291201731e-03
3.151363162095369846e-02
1.220820905720467475e-01
4.287122149344094746e-01
9.796722068017416074e-01
7.965829608778673965e-02
2.932514078087009035e-01
8.290200785076408119e-01
5.669831517552879063e-01
9.820530295236851170e-01
7.049950690814671406e-02
2.621173057354123648e-01
7.736472950776616120e-01
7.004686315866974766e-01
8.392493109990046829e-01
5.396396199467875521e-01
9.937148021218695781e-01
2.498277666305197958e-02
9.743455013302150525e-02
3.517642342935792255e-01
9.121046310616995889e-01
3.206790922299930235e-01
8.713760481461386709e-01
4.483193234534152416e-01
9.893164306867218150e-01
4.227772264002509911e-02
1.619612672335883630e-01
5.429192605986991049e-01
9.926317482786164437e-01
2.925584235181473425e-02
1.135997521603988591e-01
4.027793938779681837e-01
9.621926149810323681e-01
1.455119466279766738e-01
4.973528800660405591e-01
9.999719710241934401e-01
1.121127607322976172e-04
4.484007658447020572e-04
1.792798810391518392e-03
7.158338731267711516e-03
2.842838767150379642e-02
1.104808577836069033e-01
3.930993513880104984e-01
9.542890053053174615e-01
1.744859986348161751e-01
5.761625396608925920e-01
9.767970702095849500e-01
9.065821535822198018e-02
3.297572133851278120e-01
8.840695744223878716e-01
4.099622480120121981e-01
9.675728128677717477e-01
1.255026586676753486e-01
4.390069653400692773e-01
9.851193988918629518e-01
5.863667527518862110e-02
2.207936623514367425e-01
6.881752840674870697e-01
8.583602498644584688e-01
4.863117252683181735e-01
9.992505245394524005e-01
2.995654988326463142e-03
1.194672415806918332e-02
4.721599975983945680e-02
1.799465965060682293e-01
5.902632756477856901e-01
9.674101642773008658e-01
1.261109533210630074e-01
4.408279230940505555e-01
9.859946612585183123e-01
5.523675691287063816e-02
2.087426303944705519e-01
6.606765786018538034e-01
8.967321483551844441e-01
3.704144098459095091e-01
9.328302992976387209e-01
2.506317280396590519e-01
7.512618597580330571e-01
7.474699113237175396e-01
7.550345719577047365e-01
7.398294684253809983e-01
7.699273042991755522e-01
7.085570015751015971e-01
8.260159083759894827e-01
5.748545099430978356e-01
9.775872093646876815e-01
8.764182980499748976e-02
3.198429578937085904e-01
8.701737607180238809e-01
4.518855475034883606e-01
9.907399978438163890e-01
3.669701806500333396e-02
1.414013877205567149e-01
4.856281410850167291e-01
9.991737986852837761e-01
3.302074824415049577e-03
1.316468450507569249e-02
5.196550234782861682e-02
1.970603556542603330e-01
6.329102875346896973e-01
9.293394218697588194e-01
2.626706433141578478e-01
7.746991058203158698e-01
6.981616050460563994e-01
8.429279131422597882e-01
5.296017855515643413e-01
9.964949371686093738e-01
1.397110946375413644e-02
5.510367025642222416e-02
2.082690231227690980e-01
6.595721485210080948e-01
8.981469176655325626e-01
3.659161278137324502e-01
9.280860608781212884e-01
2.669692979274063682e-01
7.827867675661950297e-01
6.801265763578324686e-01
8.702176659583997775e-01
4.517555192492464511e-01
9.906898803083334926e-01
3.689376545197238511e-02
1.421304620909850380e-01
4.877175753471389985e-01
9.993965681785595967e-01
2.412270765909039095e-03
9.625806862643655065e-03
3.813260281954589798e-02
1.467140296870066141e-01
5.007560927200132017e-01
9.999977132951675118e-01
9.146798413876433773e-06
3.658685899981982745e-05
1.463420816062693927e-04
5.852826624056660289e-04
2.339760426442948852e-03
9.337143790358944095e-03
3.699984614478740025e-02
1.425234301201939169e-01
4.888420079478590918e-01
9.995019968534301080e-01
1.991020557743538883e-03
7.948225579528508250e-03
3.154020515866088475e-02
1.221816824688385095e-01
4.290132757516779138e-01
9.798435399219437292e-01
7.900070878070980518e-02
2.910383871714131154e-01
8.253401774562804105e-01
5.766150757308480257e-01
9.765205206829987716e-01
9.171277347201244046e-02
3.332061626163259072e-01
8.887192632432895367e-01
3.955893375343658147e-01
9.563936542539234198e-01
1.668193294269962601e-01
5.559625630260789375e-01
9.874727661581813587e-01
4.948120901636277741e-02
1.881312758825620102e-01
6.109515956694285821e-01
9.507589736736042907e-01
1.872653906108704969e-01
6.087882563608975062e-01
9.526604611117963639e-01
1.803940277842186191e-01
5.914080900960043685e-01
9.665782442599762936e-01
1.292189679331080254e-01
4.500857050376292912e-01
9.900342526336106674e-01
3.946572498327345635e-02
1.516327261392681480e-01
5.145609700113532581e-01
9.991519126092862635e-01
3.389472553965702014e-03
1.351193611908608865e-02
5.331745480559783867e-02
2.018988152745979092e-01
6.445427346612290220e-01
9.164295914265888632e-01
3.063455815371286528e-01
8.499918648392050802e-01
5.100227781854883569e-01
9.995981756697506215e-01
1.606651469827948204e-03
6.416280563529614366e-03
2.550044762903804288e-02
9.940069919902419504e-02
3.580808007910674107e-01
9.194357635835558318e-01
2.962945609083096898e-01
8.340163763378236617e-01
5.537322413525821441e-01
9.884513849568843380e-01
4.566097813480508166e-02
1.743042128423069326e-01
5.756890169109069033e-01
9.770846908762148564e-01
8.956079092618358939e-02
3.261586226194310711e-01
8.791167020416822409e-01
4.250821049321416023e-01
9.775492359943784848e-01
8.778690880473920266e-02
3.203214697889816276e-01
8.708625031248087289e-01
4.498440151039925783e-01
9.899375087164186127e-01
3.984495021099584283e-02
1.530293206147121943e-01
5.184453905876329483e-01
9.986390702642510275e-01
5.436310424013156804e-03
2.162702781194709295e-02
8.463719791987109331e-02
3.098949705925660991e-01
8.554403111759711908e-01
4.946487407645014933e-01
9.998854560983504447e-01
4.581231253765881851e-04
1.831652994314282839e-03
7.313192166490607368e-03
2.903883754730555294e-02
1.127823338448239038e-01
4.002499160693432922e-01
9.601996830232811808e-01
1.528650069810819079e-01
5.179891864870084239e-01
9.987055566781151139e-01
5.171070953485111879e-03
2.057732391471597116e-02
8.061559062089709848e-02
2.964668686789559415e-01
8.342970578185795461e-01
5.529819085353498975e-01
9.887716694717800792e-01
4.440902048707463801e-02
1.697474375458082330e-01
5.637329799697451405e-01
9.837524290566771468e-01
6.393434952705641383e-02
2.393869939104277811e-01
7.283234442278062604e-01
7.914736192637855661e-01
6.601725170930609066e-01
8.973790590722676708e-01
3.683595336433466150e-01
9.306831504695856072e-01
2.580480956063619935e-01
7.658371038411463383e-01
7.173225368853866080e-01
8.110836598467767722e-01
6.129078263053227005e-01
9.490072910360022318e-01
1.935698103860378494e-01
6.244021555725876027e-01
9.380964147555489463e-01
2.322861255133297498e-01
7.133171256293219242e-01
8.179832156529538434e-01
5.955466982520117858e-01
9.634833138125294960e-01
1.407328712694213557e-01
4.837085208547299842e-01
9.989383508290092806e-01
4.242088288113699326e-03
1.689637190027772420e-02
6.644353806753909575e-02
2.481151772664194621e-01
7.462161443058703547e-01
7.575104411325824794e-01
7.347534908307908896e-01
7.795631941710097212e-01
6.873776818595903615e-01
8.595584173636809933e-01
4.828709780116866579e-01
9.988263864228679179e-01
4.688944833214483965e-03
1.866783451826170559e-02
7.327738589063999275e-02
2.716312424306894235e-01
7.913908422649759133e-01
6.603655081764135959e-01
8.971316151492577662e-01
3.691459209957571597e-01
9.315088400317798056e-01
2.552004838977044443e-01
7.602927876643067462e-01
7.289906587597563270e-01
7.902531128030695351e-01
6.630125220324961655e-01
8.937076706423953132e-01
3.799770803093462379e-01
9.423779949956975210e-01
2.172068381743404997e-01
6.801121104985667909e-01
8.702385106069842058e-01
4.516937810540757048e-01
9.906660368445663334e-01
3.698736114898567434e-02
1.424771850568767873e-01
4.887097471805676441e-01
9.994901207650656039e-01
2.038477032400659323e-03
8.137286575155912999e-03
3.228428456939791413e-02
1.249680381569567567e-01
4.374041103846205703e-01
9.843270184130098466e-01
6.170935694065438765e-02
2.316052488264948028e-01
7.118570301700293257e-01
8.204663950701185371e-01
5.892051585230346777e-01
9.681697587714943598e-01
1.232683078873597210e-01
4.322929286317753195e-01
9.816630099469254578e-01
7.200297939546997095e-02
2.672742014145746414e-01
7.833548106910824815e-01
6.788402050328645743e-01
8.720647242551878842e-01
4.462713638596317312e-01
9.884529346339564482e-01
4.565492258990221791e-02
1.742822025328442104e-01
5.756316656525636288e-01
9.771194046024483937e-01
8.942829500721813374e-02
3.257235002372714239e-01
8.785108065217824835e-01
4.269182773849072299e-01
9.786362472784156941e-01
8.362937116493891765e-02
3.065419977739747281e-01
8.502960054988374372e-01
5.091708341262197735e-01
9.996635832056899318e-01
1.345214472202260324e-03
5.373619480904003737e-03
2.137897477831322141e-02
8.368765686296357476e-02
3.067361318069933285e-01
8.505963090042811814e-01
5.083289124502843315e-01
9.997225168695544895e-01
1.109624534231284237e-03
4.433573070497143394e-03
1.765566600130233713e-02
6.937577383740926862e-02
2.582511033674725343e-01
7.662298839078011126e-01
7.164865956577352035e-01
8.125342156020746165e-01
6.092894563119669593e-01
9.522232589561124838e-01
1.819764962364463223e-01
5.954442042157954695e-01
9.635616155264274951e-01
1.404425144421105887e-01
4.828736583171392982e-01
9.988267536822199588e-01
4.687479243431298161e-03
1.866202712709428072e-02
7.325502348240549300e-02
2.715549000679833846e-01
7.912513452681819714e-01
6.606906155178788875e-01
8.967141043379162069e-01
3.704716776774495401e-01
9.328896548651962606e-01
2.504261868427581916e-01
7.508516471445959573e-01
7.482938044993519000e-01
7.534007465889296373e-01
7.431522465126717547e-01
7.635079400633426605e-01
7.222542620942753455e-01
8.024121719236945172e-01
6.341875130895578971e-01
9.279748453233334082e-01
2.673501270818680053e-01
7.834961465246864654e-01
6.785197396225953748e-01
8.725228102602989866e-01
4.449070233430648669e-01
9.878590556922863808e-01
4.797416711612113860e-02
1.826905856225374547e-01
5.972589421897106510e-01
9.621627926565275990e-01
1.456222123356739062e-01
4.976655344405376269e-01
9.999782010821791634e-01
8.719377051207156243e-05
3.487446710338122364e-04
1.394492192752912587e-03
5.570190337108901595e-03
2.215665326686850831e-02
8.666294393151870168e-02
3.166099123225558643e-01
8.654723029666135936e-01
4.657199830571063792e-01
9.952995217535522965e-01
1.871353500280898557e-02
7.345335444202848174e-02
2.722318366529613565e-01
7.924866550620450756e-01
6.578062264424469063e-01
9.003887795839559116e-01
3.587553007330716026e-01
9.201997397159544789e-01
2.937287149705683498e-01
8.298086278892050638e-01
5.649050758793439098e-01
9.831493245003594117e-01
6.626692093938377215e-02
2.475024645143821256e-01
7.449799782947359450e-01
7.599392409388219249e-01
7.297263640805763396e-01
7.889031905852522675e-01
6.661397858786272108e-01
8.895902861927911243e-01
3.928776356168655615e-01
9.540991961958417145e-01
1.751756800571569739e-01
5.779566446946622360e-01
9.756910461917739363e-01
9.487211429189976175e-02
3.434855848867284234e-01
9.020129514469772403e-01
3.535423474755515216e-01
9.142006240680865536e-01
3.137513720864218980e-01
8.612457944012144040e-01
4.780059041097289296e-01
9.980650389838509051e-01
7.724867768060099740e-03
3.066077674410349826e-02
1.188827740542036937e-01
4.189986403495118417e-01
9.737551189390621920e-01
1.022243491161373419e-01
3.670981262556675673e-01
9.293483678209564225e-01
2.626399161979156571e-01
7.746407624698488092e-01
6.982898063599011218e-01
8.427246107749885029e-01
5.301593646765159207e-01
9.963616508892083612e-01
1.450044610615816229e-02
5.716073267552068682e-02
2.155735332620674627e-01
6.764063400758844047e-01
8.755232127241014961e-01
4.359292668214648780e-01
9.835797645998326511e-01
6.460244507827997418e-02
2.417158766727445229e-01
7.331572465482640855e-01
7.825507935281064142e-01
6.806601963065307404e-01
8.694475738819191779e-01
4.540339606110429527e-01
9.915484928915441198e-01
3.352031654420547374e-02
1.295868196919233717e-01
4.511763034162127317e-01
9.904649866075497799e-01
3.777638764822301848e-02
1.453973287378927948e-01
4.970277821350980729e-01
9.999646636838265268e-01
1.413402700729261255e-04
5.652811720039117079e-04
2.259846516801895799e-03
9.018958442089329217e-03
3.575046732283579387e-02
1.378894856361347621e-01
4.755039015485346687e-01
9.975997646425969201e-01
9.577896910528344368e-03
3.794464320519749800e-02
1.460193890289069873e-01
4.987909082261130500e-01
9.999941523883018046e-01
2.339031001453052428e-05
9.355905163170921950e-05
3.742011933422576811e-04
1.496244667236594408e-03
5.976023676529276622e-03
2.376124327018669727e-02
9.278658635376425823e-02
3.367089429863095451e-01
8.933441227973822896e-01
3.811216042430208284e-01
9.434717080889623020e-01
2.133313764986269623e-01
6.712844011992935567e-01
8.826466156231735916e-01
4.143262702085135363e-01
9.706400480944347153e-01
1.139917805186695665e-01
4.039906179714010115e-01
9.631287942499197063e-01
1.420468797464582433e-01
4.874782548030004437e-01
9.993728235888581501e-01
2.507132243564559170e-03
1.000338612591107623e-02
3.961327356770692754e-02
1.521762484998235576e-01
5.160745515693597740e-01
9.989664351673485099e-01
4.129986305552671259e-03
1.645171807467402103e-02
6.472423618826006475e-02
2.421400377524189074e-01
7.340329594786840772e-01
7.809142955105730088e-01
6.843486343111749859e-01
8.640623241103948526e-01
4.698344966533383182e-01
9.963601696313427736e-01
1.450632801417810896e-02
5.718357784689115375e-02
2.156544650860728329e-01
6.765904670980319446e-01
8.752632277203714617e-01
4.367100396835424947e-01
9.839775236925377699e-01
6.306302624175443017e-02
2.363443238519384038e-01
7.219427377396140377e-01
8.029656846585575547e-01
6.328471756774683987e-01
9.294065116580537689e-01
2.624401909826397095e-01
7.742613485585199129e-01
6.991228507474289700e-01
8.414003612408453847e-01
5.337831733784663690e-01
9.954347887858946420e-01
1.817748024270335674e-02
7.138823781891598386e-02
2.651678292800961900e-01
7.794154063798902632e-01
6.877081227102241900e-01
8.590626426743899202e-01
4.842960745427202229e-01
9.990135469009011615e-01
3.941920037528358692e-03
1.570552521578393382e-02
6.183544677391952793e-02
2.320472971847508115e-01
7.128053962159913715e-01
8.188554533653971124e-01
5.933247994365719036e-01
9.651619272404680094e-01
1.344975257837304761e-01
4.656317653671281920e-01
9.952752977928519540e-01
1.880951758480674599e-02
7.382287853213233275e-02
2.734922445494419874e-01
7.947769468829788408e-01
6.524262063453799554e-01
9.070650064765976017e-01
3.371923220088209328e-01
8.939746399484577166e-01
3.791359323099219858e-01
9.415675085656071142e-01
2.200725415166438770e-01
6.865624719481768778e-01
8.607777762423192147e-01
4.793575846785750327e-01
9.982955627587636327e-01
6.806128539708028100e-03
2.703922061603525329e-02
1.052324046580476041e-01
3.766341826717197194e-01
9.391235004596757419e-01
2.286822053761583262e-01
7.055466172818000148e-01
8.310023524960140628e-01
5.617497705684023623e-01
9.847478633389715741e-01
6.007803595320530127e-02
2.258746621968364954e-01
6.994211966971867200e-01
8.409247452314247973e-01
5.350812723555375960e-01
9.950772173196389403e-01
1.959419556417144742e-02
7.684105225745570256e-02
2.837460197816828456e-01
8.129368641589204136e-01
6.082820762015087590e-01
9.530999678939363617e-01
1.788016763780504448e-01
5.873265476097813131e-01
9.694962963301996250e-01
1.182929109288982789e-01
4.171987926114525957e-01
9.725758402199681241e-01
1.066883009615616912e-01
3.812236295979771761e-01
9.435686953364599283e-01
2.129872500700372984e-01
6.704947255105443427e-01
8.837261942923122504e-01
4.110168312557432313e-01
9.683279827208979285e-01
1.226756024022939429e-01
4.305051959101011128e-01
9.806818888179991145e-01
7.577968704944086642e-02
2.801485043205110270e-01
8.066612793899443634e-01
6.238354388916728110e-01
9.386591362980011288e-01
2.303126485691603387e-01
7.090749299128557004e-01
8.251506947277151838e-01
5.771081028723207274e-01
9.762173618856995194e-01
9.286809695449625701e-02
3.369744540901769003e-01
8.936906855231920854e-01
3.800305765291058235e-01
9.424293497282191234e-01
2.170250819962546984e-01
6.797007831230758024e-01
8.708305141797890725e-01
4.499389190126006355e-01
9.899755526814649764e-01
3.969583109797066023e-02
1.524802883656439512e-01
5.169202001022817905e-01
9.988548273139674638e-01
4.575445062206679077e-03
1.821804145875713030e-02
7.154457769665456546e-02
2.657038043954403905e-01
7.804211709008982423e-01
6.854558676422579655e-01
8.624244846282054233e-01
4.745939717679056868e-01
9.974181349178525835e-01
1.030079621937973408e-02
4.077875926650506577e-02
1.564634082367536427e-01
5.279304404787559246e-01
9.968795619786232631e-01
1.244280355172559110e-02
4.915192076599367299e-02
1.869440378040234663e-01
6.079838581341885373e-01
9.533579455297954697e-01
1.778662929000071335e-01
5.849194990000480265e-01
9.711547147582966222e-01
1.120529390441094980e-01
3.979883115827353435e-01
9.583744617050091730e-01
1.595714114265679162e-01
5.364335043275888504e-01
9.946903990496188674e-01
2.112563635251479485e-02
8.271737536486212239e-02
3.035008447104341478e-01
8.455523278819250255e-01
5.223743547815159483e-01
9.979975529924158817e-01
7.993748854263522940e-03
3.171939533407305833e-02
1.228531011748519863e-01
4.310408668262823983e-01
9.809785518076908906e-01
7.463853080390359107e-02
2.762704820933457039e-01
7.997804112690022338e-01
6.405268200775339205e-01
9.210088513555602097e-01
2.910061883210792177e-01
8.252863467196404068e-01
5.767551705511436699e-01
9.764345751746325019e-01
9.204038231266727099e-02
3.342758013456120225e-01
8.901419599214193124e-01
3.911570044346838193e-01
9.526128092654480017e-01
1.805665795553517972e-01
5.918491596121141507e-01
9.662549275141668614e-01
1.304253702750324262e-01
4.536583722545999842e-01
9.914098141515998996e-01
3.406557822195924873e-02
1.316204584094476937e-01
4.571860533501255208e-01
9.926678638890193973e-01
2.911350356412182802e-02
1.130636298973716619e-01
4.011209819671963106e-01
9.608917591714474238e-01
1.503151453113898972e-01
5.108820096056084781e-01
9.995263274677461673e-01
1.893792666344031430e-03
7.560824862723524407e-03
3.001463516047415958e-02
1.164550273466279373e-01
4.115730158092849589e-01
9.687226738677134907e-01
1.211962200092010500e-01
4.260307850587178313e-01
9.781142209638546969e-01
8.562716684850293913e-02
3.131806205839977042e-01
8.603940778984554560e-01
4.804644344628749009e-01
9.984734467165512495e-01
6.096891674086001543e-03
2.423887834400118013e-02
9.460542048250096536e-02
3.426209395913111799e-01
9.009273253794883862e-01
3.570291190561895589e-01
9.182373088085777901e-01
3.003102140822250798e-01
8.404959576004297217e-01
5.362500114310507771e-01
9.947437466849673449e-01
2.091450046448287831e-02
8.190833653921383850e-02
3.007974437783625943e-01
8.412733663790383787e-01
5.341299576012598083e-01
9.953405839765174790e-01
1.855082346321003037e-02
7.282676164818538411e-02
2.700920977440877113e-01
7.885694259211217805e-01
6.669107456941983925e-01
8.885632118872021090e-01
3.960745214715942208e-01
9.567979796505412526e-01
1.653424231487302387e-01
5.520172250241306422e-01
9.891768332031285471e-01
4.282410342943303305e-02
1.639607983795885182e-01
5.483106198972506062e-01
9.906643360205462656e-01
3.699403743006483836e-02
1.425019144987472730e-01
4.887804754517425798e-01
9.994964890756166120e-01
2.013029604529602539e-03
8.035909265363338008e-03
3.188533371056786331e-02
1.234746368189309357e-01
4.329146035254442526e-01
9.819981983193795116e-01
7.071094726748644588e-02
2.628436368160775305e-01
7.750274376054805403e-01
6.974396342566347995e-01
8.440703632984019045e-01
5.264623403988084593e-01
9.971989781624428506e-01
1.117270445689040256e-02
4.419150052803631767e-02
1.689544472364628847e-01
5.616353679819211520e-01
9.848043256549056101e-01
5.985906330516727047e-02
2.251038233815747802e-01
6.977283683222671451e-01
8.436139694424322766e-01
5.277177600160463111e-01
9.969269031187439900e-01
1.225461182725736189e-02
4.841774526488108743e-02
1.842938688333796149e-01
6.013185549752021464e-01
9.589382016709213641e-01
1.575029081882385051e-01
5.307829684019286232e-01
9.962096354254359465e-01
1.510399084382335784e-02
5.950344121765058919e-02
2.238511268036265933e-01
6.949671993294739281e-01
8.479511647424614607e-01
5.157199478174435692e-01
9.990115329624398299e-01
3.949959881903199188e-03
1.573743079533778538e-02
6.195905626919725323e-02
2.324805264617043898e-01
7.137333251111529497e-01
8.172722629476982803e-01
5.973532446561699016e-01
9.620893830196372010e-01
1.458936084021200952e-01
4.984346537181019721e-01
9.999901987640436030e-01
3.920455956868197135e-05
1.568120902847596919e-04
6.271500010123836830e-04
2.507026735554386369e-03
1.000296621000613256e-02
3.961162750802933730e-02
1.521701858967736964e-01
5.160576816836459635e-01
9.989686034357593281e-01
4.121331141471664024e-03
1.641738308437554889e-02
6.459141046814385889e-02
2.416774406475118153e-01
7.330778213183006820e-01
7.826989168380356077e-01
6.803252896743869904e-01
8.699311596153697090e-01
4.526037485824989659e-01
9.910143814062488676e-01
3.561950900895408112e-02
1.374030383476567141e-01
4.740937736019433246e-01
9.973154697352232256e-01
1.070929424813679351e-02
4.237842105937330434e-02
1.623299619515466141e-01
5.439157816174091664e-01
9.922856164997008177e-01
