-Inf
-6.7005
-6.0282
-5.6349
-5.3558
-5.1394
-4.9625
-4.813
-4.6835
-4.5692
-4.467
-4.3746
-4.2902
-4.2125
-4.1406
-4.0737
-4.0111
-3.9523
-3.8969
-3.8444
-3.7947
-3.7473
-3.7022
-3.6591
-3.6178
-3.5782
-3.5402
-3.5036
-3.4683
-3.4342
-3.4014
-3.3696
-3.3388
-3.3089
-3.28
-3.2518
-3.2245
-3.1979
-3.1721
-3.1469
-3.1223
-3.0984
-3.075
-3.0522
-3.0299
-3.0081
-2.9867
-2.9659
-2.9455
-2.9255
-2.9059
-2.8867
-2.8678
-2.8493
-2.8312
-2.8134
-2.7959
-2.7788
-2.7619
-2.7453
-2.729
-2.713
-2.6972
-2.6817
-2.6664
-2.6514
-2.6366
-2.622
-2.6076
-2.5934
-2.5795
-2.5657
-2.5522
-2.5388
-2.5256
-2.5126
-2.4997
-2.487
-2.4745
-2.4622
-2.45
-2.4379
-2.426
-2.4142
-2.4026
-2.3912
-2.3798
-2.3686
-2.3575
-2.3465
-2.3357
-2.325
-2.3144
-2.3039
-2.2935
-2.2833
-2.2731
-2.2631
-2.2531
-2.2433
-2.2335
-2.2239
-2.2143
-2.2048
-2.1955
-2.1862
-2.177
-2.1679
-2.1589
-2.1499
-2.1411
-2.1323
-2.1236
-2.115
-2.1064
-2.0979
-2.0895
-2.0812
-2.073
-2.0648
-2.0567
-2.0486
-2.0406
-2.0327
-2.0248
-2.0171
-2.0093
-2.0017
-1.9941
-1.9865
-1.979
-1.9716
-1.9642
-1.9569
-1.9496
-1.9424
-1.9352
-1.9281
-1.9211
-1.9141
-1.9071
-1.9002
-1.8934
-1.8866
-1.8798
-1.8731
-1.8664
-1.8598
-1.8532
-1.8467
-1.8402
-1.8338
-1.8274
-1.821
-1.8147
-1.8084
-1.8022
-1.796
-1.7898
-1.7837
-1.7776
-1.7716
-1.7656
-1.7596
-1.7537
-1.7478
-1.7419
-1.7361
-1.7303
-1.7245
-1.7188
-1.7131
-1.7075
-1.7018
-1.6962
-1.6907
-1.6852
-1.6797
-1.6742
-1.6688
-1.6634
-1.658
-1.6526
-1.6473
-1.642
-1.6368
-1.6315
-1.6263
-1.6212
-1.616
-1.6109
-1.6058
-1.6008
-1.5957
-1.5907
-1.5857
-1.5808
-1.5758
-1.5709
-1.566
-1.5612
-1.5563
-1.5515
-1.5467
-1.5419
-1.5372
-1.5325
-1.5278
-1.5231
-1.5185
-1.5138
-1.5092
-1.5046
-1.5001
-1.4955
-1.491
-1.4865
-1.482
-1.4776
-1.4731
-1.4687
-1.4643
-1.4599
-1.4556
-1.4512
-1.4469
-1.4426
-1.4383
-1.4341
-1.4298
-1.4256
-1.4214
-1.4172
-1.413
-1.4089
-1.4047
-1.4006
-1.3965
-1.3924
-1.3884
-1.3843
-1.3803
-1.3763
-1.3723
-1.3683
-1.3643
-1.3604
-1.3564
-1.3525
-1.3486
-1.3447
-1.3408
-1.337
-1.3331
-1.3293
-1.3255
-1.3217
-1.3179
-1.3142
-1.3104
-1.3067
-1.3029
-1.2992
-1.2955
-1.2919
-1.2882
-1.2845
-1.2809
-1.2773
-1.2737
-1.2701
-1.2665
-1.2629
-1.2593
-1.2558
-1.2523
-1.2487
-1.2452
-1.2417
-1.2382
-1.2348
-1.2313
-1.2279
-1.2244
-1.221
-1.2176
-1.2142
-1.2108
-1.2075
-1.2041
-1.2007
-1.1974
-1.1941
-1.1908
-1.1875
-1.1842
-1.1809
-1.1776
-1.1743
-1.1711
-1.1679
-1.1646
-1.1614
-1.1582
-1.155
-1.1518
-1.1486
-1.1455
-1.1423
-1.1392
-1.136
-1.1329
-1.1298
-1.1267
-1.1236
-1.1205
-1.1175
-1.1144
-1.1113
-1.1083
-1.1053
-1.1022
-1.0992
-1.0962
-1.0932
-1.0902
-1.0872
-1.0843
-1.0813
-1.0783
-1.0754
-1.0725
-1.0695
-1.0666
-1.0637
-1.0608
-1.0579
-1.055
-1.0522
-1.0493
-1.0464
-1.0436
-1.0408
-1.0379
-1.0351
-1.0323
-1.0295
-1.0267
-1.0239
-1.0211
-1.0183
-1.0156
-1.0128
-1.01
-1.0073
-1.0046
-1.0018
-0.99912
-0.99641
-0.9937
-0.991
-0.98831
-0.98563
-0.98295
-0.98028
-0.97762
-0.97497
-0.97232
-0.96968
-0.96705
-0.96442
-0.96181
-0.9592
-0.95659
-0.95399
-0.9514
-0.94882
-0.94624
-0.94368
-0.94111
-0.93856
-0.93601
-0.93346
-0.93093
-0.9284
-0.92588
-0.92336
-0.92085
-0.91835
-0.91585
-0.91336
-0.91088
-0.9084
-0.90593
-0.90346
-0.901
-0.89855
-0.8961
-0.89366
-0.89123
-0.8888
-0.88638
-0.88396
-0.88155
-0.87915
-0.87675
-0.87436
-0.87197
-0.86959
-0.86722
-0.86485
-0.86249
-0.86013
-0.85778
-0.85543
-0.85309
-0.85076
-0.84843
-0.84611
-0.84379
-0.84148
-0.83917
-0.83687
-0.83457
-0.83228
-0.83
-0.82772
-0.82544
-0.82317
-0.82091
-0.81865
-0.8164
-0.81415
-0.81191
-0.80967
-0.80744
-0.80521
-0.80299
-0.80077
-0.79856
-0.79635
-0.79415
-0.79195
-0.78976
-0.78757
-0.78539
-0.78321
-0.78104
-0.77887
-0.77671
-0.77455
-0.7724
-0.77025
-0.76811
-0.76597
-0.76383
-0.7617
-0.75958
-0.75746
-0.75534
-0.75323
-0.75113
-0.74902
-0.74693
-0.74483
-0.74275
-0.74066
-0.73858
-0.73651
-0.73444
-0.73237
-0.73031
-0.72825
-0.7262
-0.72415
-0.72211
-0.72007
-0.71803
-0.716
-0.71397
-0.71195
-0.70993
-0.70792
-0.70591
-0.7039
-0.7019
-0.6999
-0.69791
-0.69592
-0.69393
-0.69195
-0.68997
-0.688
-0.68603
-0.68406
-0.6821
-0.68014
-0.67819
-0.67624
-0.67429
-0.67235
-0.67041
-0.66848
-0.66655
-0.66462
-0.6627
-0.66078
-0.65887
-0.65696
-0.65505
-0.65314
-0.65124
-0.64935
-0.64746
-0.64557
-0.64368
-0.6418
-0.63992
-0.63805
-0.63618
-0.63431
-0.63245
-0.63059
-0.62873
-0.62688
-0.62503
-0.62318
-0.62134
-0.6195
-0.61766
-0.61583
-0.614
-0.61218
-0.61036
-0.60854
-0.60672
-0.60491
-0.6031
-0.6013
-0.5995
-0.5977
-0.59591
-0.59411
-0.59233
-0.59054
-0.58876
-0.58698
-0.58521
-0.58344
-0.58167
-0.5799
-0.57814
-0.57638
-0.57463
-0.57287
-0.57112
-0.56938
-0.56763
-0.56589
-0.56416
-0.56242
-0.56069
-0.55897
-0.55724
-0.55552
-0.5538
-0.55209
-0.55037
-0.54866
-0.54696
-0.54526
-0.54356
-0.54186
-0.54016
-0.53847
-0.53678
-0.5351
-0.53342
-0.53174
-0.53006
-0.52839
-0.52671
-0.52505
-0.52338
-0.52172
-0.52006
-0.5184
-0.51675
-0.5151
-0.51345
-0.5118
-0.51016
-0.50852
-0.50688
-0.50525
-0.50362
-0.50199
-0.50036
-0.49874
-0.49712
-0.4955
-0.49389
-0.49227
-0.49066
-0.48906
-0.48745
-0.48585
-0.48425
-0.48265
-0.48106
-0.47947
-0.47788
-0.47629
-0.47471
-0.47313
-0.47155
-0.46997
-0.4684
-0.46683
-0.46526
-0.46369
-0.46213
-0.46057
-0.45901
-0.45746
-0.4559
-0.45435
-0.4528
-0.45126
-0.44972
-0.44817
-0.44664
-0.4451
-0.44357
-0.44204
-0.44051
-0.43898
-0.43746
-0.43593
-0.43442
-0.4329
-0.43138
-0.42987
-0.42836
-0.42685
-0.42535
-0.42385
-0.42235
-0.42085
-0.41935
-0.41786
-0.41637
-0.41488
-0.41339
-0.41191
-0.41043
-0.40895
-0.40747
-0.40599
-0.40452
-0.40305
-0.40158
-0.40012
-0.39865
-0.39719
-0.39573
-0.39427
-0.39282
-0.39136
-0.38991
-0.38846
-0.38702
-0.38557
-0.38413
-0.38269
-0.38125
-0.37982
-0.37838
-0.37695
-0.37552
-0.37409
-0.37267
-0.37124
-0.36982
-0.3684
-0.36699
-0.36557
-0.36416
-0.36275
-0.36134
-0.35993
-0.35853
-0.35712
-0.35572
-0.35432
-0.35293
-0.35153
-0.35014
-0.34875
-0.34736
-0.34597
-0.34459
-0.34321
-0.34183
-0.34045
-0.33907
-0.3377
-0.33632
-0.33495
-0.33358
-0.33222
-0.33085
-0.32949
-0.32813
-0.32677
-0.32541
-0.32405
-0.3227
-0.32135
-0.32
-0.31865
-0.3173
-0.31596
-0.31462
-0.31327
-0.31194
-0.3106
-0.30926
-0.30793
-0.3066
-0.30527
-0.30394
-0.30262
-0.30129
-0.29997
-0.29865
-0.29733
-0.29601
-0.2947
-0.29338
-0.29207
-0.29076
-0.28945
-0.28815
-0.28684
-0.28554
-0.28424
-0.28294
-0.28164
-0.28035
-0.27905
-0.27776
-0.27647
-0.27518
-0.27389
-0.27261
-0.27132
-0.27004
-0.26876
-0.26748
-0.2662
-0.26493
-0.26365
-0.26238
-0.26111
-0.25984
-0.25858
-0.25731
-0.25605
-0.25478
-0.25352
-0.25226
-0.25101
-0.24975
-0.2485
-0.24725
-0.24599
-0.24475
-0.2435
-0.24225
-0.24101
-0.23976
-0.23852
-0.23728
-0.23605
-0.23481
-0.23357
-0.23234
-0.23111
-0.22988
-0.22865
-0.22742
-0.2262
-0.22497
-0.22375
-0.22253
-0.22131
-0.22009
-0.21888
-0.21766
-0.21645
-0.21524
-0.21403
-0.21282
-0.21161
-0.21041
-0.2092
-0.208
-0.2068
-0.2056
-0.2044
-0.2032
-0.20201
-0.20081
-0.19962
-0.19843
-0.19724
-0.19605
-0.19487
-0.19368
-0.1925
-0.19132
-0.19013
-0.18896
-0.18778
-0.1866
-0.18543
-0.18425
-0.18308
-0.18191
-0.18074
-0.17957
-0.17841
-0.17724
-0.17608
-0.17491
-0.17375
-0.17259
-0.17144
-0.17028
-0.16912
-0.16797
-0.16682
-0.16566
-0.16451
-0.16337
-0.16222
-0.16107
-0.15993
-0.15879
-0.15764
-0.1565
-0.15536
-0.15423
-0.15309
-0.15195
-0.15082
-0.14969
-0.14856
-0.14743
-0.1463
-0.14517
-0.14405
-0.14292
-0.1418
-0.14067
-0.13955
-0.13843
-0.13732
-0.1362
-0.13508
-0.13397
-0.13286
-0.13175
-0.13063
-0.12953
-0.12842
-0.12731
-0.12621
-0.1251
-0.124
-0.1229
-0.1218
-0.1207
-0.1196
-0.1185
-0.11741
-0.11631
-0.11522
-0.11413
-0.11304
-0.11195
-0.11086
-0.10977
-0.10869
-0.1076
-0.10652
-0.10544
-0.10436
-0.10328
-0.1022
-0.10112
-0.10005
-0.098972
-0.097898
-0.096826
-0.095754
-0.094684
-0.093616
-0.092548
-0.091481
-0.090416
-0.089352
-0.088289
-0.087227
-0.086166
-0.085107
-0.084048
-0.082991
-0.081935
-0.08088
-0.079826
-0.078774
-0.077722
-0.076672
-0.075623
-0.074575
-0.073528
-0.072482
-0.071437
-0.070394
-0.069351
-0.06831
-0.06727
-0.06623
-0.065192
-0.064156
-0.06312
-0.062085
-0.061052
-0.060019
-0.058988
-0.057958
-0.056928
-0.0559
-0.054873
-0.053847
-0.052823
-0.051799
-0.050776
-0.049754
-0.048734
-0.047715
-0.046696
-0.045679
-0.044663
-0.043647
-0.042633
-0.04162
-0.040608
-0.039597
-0.038587
-0.037579
-0.036571
-0.035564
-0.034558
-0.033554
-0.03255
-0.031548
-0.030546
-0.029545
-0.028546
-0.027548
-0.02655
-0.025554
-0.024558
-0.023564
-0.022571
-0.021578
-0.020587
-0.019597
-0.018608
-0.01762
-0.016633
-0.015647
-0.014662
-0.013679
-0.012696
-0.011715
-0.010736
-0.0097582
-0.0087824
-0.0078088
-0.0068385
-0.0058714
-0.0049079
-0.0039506
-0.0030153
-0.0020971
-0.0012361
-0.00069599
-0.0012361
-0.0020973
-0.0030149
-0.0039567
-0.0049092
-0.0058703
-0.0068372
-0.0078089
-0.0087784
-0.0097582
-0.010736
-0.011715
-0.012696
-0.013679
-0.014662
-0.015647
-0.016633
-0.01762
-0.018608
-0.019597
-0.020587
-0.021578
-0.02257
-0.023564
-0.024558
-0.025554
-0.02655
-0.027548
-0.028546
-0.029545
-0.030546
-0.031548
-0.03255
-0.033554
-0.034558
-0.035564
-0.036571
-0.037579
-0.038587
-0.039597
-0.040608
-0.04162
-0.042633
-0.043647
-0.044663
-0.045679
-0.046696
-0.047715
-0.048734
-0.049754
-0.050776
-0.051799
-0.052823
-0.053847
-0.054873
-0.0559
-0.056928
-0.057958
-0.058988
-0.060019
-0.061052
-0.062085
-0.06312
-0.064156
-0.065192
-0.06623
-0.06727
-0.06831
-0.069351
-0.070394
-0.071437
-0.072482
-0.073528
-0.074575
-0.075623
-0.076672
-0.077722
-0.078774
-0.079826
-0.08088
-0.081935
-0.082991
-0.084048
-0.085107
-0.086166
-0.087227
-0.088289
-0.089352
-0.090416
-0.091481
-0.092548
-0.093616
-0.094684
-0.095754
-0.096826
-0.097898
-0.098972
-0.10005
-0.10112
-0.1022
-0.10328
-0.10436
-0.10544
-0.10652
-0.1076
-0.10869
-0.10977
-0.11086
-0.11195
-0.11304
-0.11413
-0.11522
-0.11631
-0.11741
-0.1185
-0.1196
-0.1207
-0.1218
-0.1229
-0.124
-0.1251
-0.12621
-0.12731
-0.12842
-0.12953
-0.13063
-0.13175
-0.13286
-0.13397
-0.13508
-0.1362
-0.13732
-0.13843
-0.13955
-0.14067
-0.1418
-0.14292
-0.14405
-0.14517
-0.1463
-0.14743
-0.14856
-0.14969
-0.15082
-0.15195
-0.15309
-0.15423
-0.15536
-0.1565
-0.15764
-0.15879
-0.15993
-0.16107
-0.16222
-0.16337
-0.16451
-0.16566
-0.16682
-0.16797
-0.16912
-0.17028
-0.17144
-0.17259
-0.17375
-0.17491
-0.17608
-0.17724
-0.17841
-0.17957
-0.18074
-0.18191
-0.18308
-0.18425
-0.18543
-0.1866
-0.18778
-0.18896
-0.19013
-0.19132
-0.1925
-0.19368
-0.19487
-0.19605
-0.19724
-0.19843
-0.19962
-0.20081
-0.20201
-0.2032
-0.2044
-0.2056
-0.2068
-0.208
-0.2092
-0.21041
-0.21161
-0.21282
-0.21403
-0.21524
-0.21645
-0.21766
-0.21888
-0.22009
-0.22131
-0.22253
-0.22375
-0.22497
-0.2262
-0.22742
-0.22865
-0.22988
-0.23111
-0.23234
-0.23357
-0.23481
-0.23605
-0.23728
-0.23852
-0.23976
-0.24101
-0.24225
-0.2435
-0.24475
-0.24599
-0.24725
-0.2485
-0.24975
-0.25101
-0.25226
-0.25352
-0.25478
-0.25605
-0.25731
-0.25858
-0.25984
-0.26111
-0.26238
-0.26365
-0.26493
-0.2662
-0.26748
-0.26876
-0.27004
-0.27132
-0.27261
-0.27389
-0.27518
-0.27647
-0.27776
-0.27905
-0.28035
-0.28164
-0.28294
-0.28424
-0.28554
-0.28684
-0.28815
-0.28945
-0.29076
-0.29207
-0.29338
-0.2947
-0.29601
-0.29733
-0.29865
-0.29997
-0.30129
-0.30262
-0.30394
-0.30527
-0.3066
-0.30793
-0.30926
-0.3106
-0.31194
-0.31327
-0.31462
-0.31596
-0.3173
-0.31865
-0.32
-0.32135
-0.3227
-0.32405
-0.32541
-0.32677
-0.32813
-0.32949
-0.33085
-0.33222
-0.33358
-0.33495
-0.33632
-0.3377
-0.33907
-0.34045
-0.34183
-0.34321
-0.34459
-0.34597
-0.34736
-0.34875
-0.35014
-0.35153
-0.35293
-0.35432
-0.35572
-0.35712
-0.35853
-0.35993
-0.36134
-0.36275
-0.36416
-0.36557
-0.36699
-0.3684
-0.36982
-0.37124
-0.37267
-0.37409
-0.37552
-0.37695
-0.37838
-0.37982
-0.38125
-0.38269
-0.38413
-0.38557
-0.38702
-0.38846
-0.38991
-0.39136
-0.39282
-0.39427
-0.39573
-0.39719
-0.39865
-0.40012
-0.40158
-0.40305
-0.40452
-0.40599
-0.40747
-0.40895
-0.41043
-0.41191
-0.41339
-0.41488
-0.41637
-0.41786
-0.41935
-0.42085
-0.42235
-0.42385
-0.42535
-0.42685
-0.42836
-0.42987
-0.43138
-0.4329
-0.43442
-0.43593
-0.43746
-0.43898
-0.44051
-0.44204
-0.44357
-0.4451
-0.44664
-0.44817
-0.44972
-0.45126
-0.4528
-0.45435
-0.4559
-0.45746
-0.45901
-0.46057
-0.46213
-0.46369
-0.46526
-0.46683
-0.4684
-0.46997
-0.47155
-0.47313
-0.47471
-0.47629
-0.47788
-0.47947
-0.48106
-0.48265
-0.48425
-0.48585
-0.48745
-0.48906
-0.49066
-0.49227
-0.49389
-0.4955
-0.49712
-0.49874
-0.50036
-0.50199
-0.50362
-0.50525
-0.50688
-0.50852
-0.51016
-0.5118
-0.51345
-0.5151
-0.51675
-0.5184
-0.52006
-0.52172
-0.52338
-0.52505
-0.52671
-0.52839
-0.53006
-0.53174
-0.53342
-0.5351
-0.53678
-0.53847
-0.54016
-0.54186
-0.54356
-0.54526
-0.54696
-0.54866
-0.55037
-0.55209
-0.5538
-0.55552
-0.55724
-0.55897
-0.56069
-0.56242
-0.56416
-0.56589
-0.56763
-0.56938
-0.57112
-0.57287
-0.57463
-0.57638
-0.57814
-0.5799
-0.58167
-0.58344
-0.58521
-0.58698
-0.58876
-0.59054
-0.59233
-0.59411
-0.59591
-0.5977
-0.5995
-0.6013
-0.6031
-0.60491
-0.60672
-0.60854
-0.61036
-0.61218
-0.614
-0.61583
-0.61766
-0.6195
-0.62134
-0.62318
-0.62503
-0.62688
-0.62873
-0.63059
-0.63245
-0.63431
-0.63618
-0.63805
-0.63992
-0.6418
-0.64368
-0.64557
-0.64746
-0.64935
-0.65124
-0.65314
-0.65505
-0.65696
-0.65887
-0.66078
-0.6627
-0.66462
-0.66655
-0.66848
-0.67041
-0.67235
-0.67429
-0.67624
-0.67819
-0.68014
-0.6821
-0.68406
-0.68603
-0.688
-0.68997
-0.69195
-0.69393
-0.69592
-0.69791
-0.6999
-0.7019
-0.7039
-0.70591
-0.70792
-0.70993
-0.71195
-0.71397
-0.716
-0.71803
-0.72007
-0.72211
-0.72415
-0.7262
-0.72825
-0.73031
-0.73237
-0.73444
-0.73651
-0.73858
-0.74066
-0.74275
-0.74483
-0.74693
-0.74902
-0.75113
-0.75323
-0.75534
-0.75746
-0.75958
-0.7617
-0.76383
-0.76597
-0.76811
-0.77025
-0.7724
-0.77455
-0.77671
-0.77887
-0.78104
-0.78321
-0.78539
-0.78757
-0.78976
-0.79195
-0.79415
-0.79635
-0.79856
-0.80077
-0.80299
-0.80521
-0.80744
-0.80967
-0.81191
-0.81415
-0.8164
-0.81865
-0.82091
-0.82317
-0.82544
-0.82772
-0.83
-0.83228
-0.83457
-0.83687
-0.83917
-0.84148
-0.84379
-0.84611
-0.84843
-0.85076
-0.85309
-0.85543
-0.85778
-0.86013
-0.86249
-0.86485
-0.86722
-0.86959
-0.87197
-0.87436
-0.87675
-0.87915
-0.88155
-0.88396
-0.88638
-0.8888
-0.89123
-0.89366
-0.8961
-0.89855
-0.901
-0.90346
-0.90593
-0.9084
-0.91088
-0.91336
-0.91585
-0.91835
-0.92085
-0.92336
-0.92588
-0.9284
-0.93093
-0.93346
-0.93601
-0.93856
-0.94111
-0.94368
-0.94624
-0.94882
-0.9514
-0.95399
-0.95659
-0.9592
-0.96181
-0.96442
-0.96705
-0.96968
-0.97232
-0.97497
-0.97762
-0.98028
-0.98295
-0.98563
-0.98831
-0.991
-0.9937
-0.99641
-0.99912
-1.0018
-1.0046
-1.0073
-1.01
-1.0128
-1.0156
-1.0183
-1.0211
-1.0239
-1.0267
-1.0295
-1.0323
-1.0351
-1.0379
-1.0408
-1.0436
-1.0464
-1.0493
-1.0522
-1.055
-1.0579
-1.0608
-1.0637
-1.0666
-1.0695
-1.0725
-1.0754
-1.0783
-1.0813
-1.0843
-1.0872
-1.0902
-1.0932
-1.0962
-1.0992
-1.1022
-1.1053
-1.1083
-1.1113
-1.1144
-1.1175
-1.1205
-1.1236
-1.1267
-1.1298
-1.1329
-1.136
-1.1392
-1.1423
-1.1455
-1.1486
-1.1518
-1.155
-1.1582
-1.1614
-1.1646
-1.1679
-1.1711
-1.1743
-1.1776
-1.1809
-1.1842
-1.1875
-1.1908
-1.1941
-1.1974
-1.2007
-1.2041
-1.2075
-1.2108
-1.2142
-1.2176
-1.221
-1.2244
-1.2279
-1.2313
-1.2348
-1.2382
-1.2417
-1.2452
-1.2487
-1.2523
-1.2558
-1.2593
-1.2629
-1.2665
-1.2701
-1.2737
-1.2773
-1.2809
-1.2845
-1.2882
-1.2919
-1.2955
-1.2992
-1.3029
-1.3067
-1.3104
-1.3142
-1.3179
-1.3217
-1.3255
-1.3293
-1.3331
-1.337
-1.3408
-1.3447
-1.3486
-1.3525
-1.3564
-1.3604
-1.3643
-1.3683
-1.3723
-1.3763
-1.3803
-1.3843
-1.3884
-1.3924
-1.3965
-1.4006
-1.4047
-1.4089
-1.413
-1.4172
-1.4214
-1.4256
-1.4298
-1.4341
-1.4383
-1.4426
-1.4469
-1.4512
-1.4556
-1.4599
-1.4643
-1.4687
-1.4731
-1.4776
-1.482
-1.4865
-1.491
-1.4955
-1.5001
-1.5046
-1.5092
-1.5138
-1.5185
-1.5231
-1.5278
-1.5325
-1.5372
-1.5419
-1.5467
-1.5515
-1.5563
-1.5612
-1.566
-1.5709
-1.5758
-1.5808
-1.5857
-1.5907
-1.5957
-1.6008
-1.6058
-1.6109
-1.616
-1.6212
-1.6263
-1.6315
-1.6368
-1.642
-1.6473
-1.6526
-1.658
-1.6634
-1.6688
-1.6742
-1.6797
-1.6852
-1.6907
-1.6962
-1.7018
-1.7075
-1.7131
-1.7188
-1.7245
-1.7303
-1.7361
-1.7419
-1.7478
-1.7537
-1.7596
-1.7656
-1.7716
-1.7776
-1.7837
-1.7898
-1.796
-1.8022
-1.8084
-1.8147
-1.821
-1.8274
-1.8338
-1.8402
-1.8467
-1.8532
-1.8598
-1.8664
-1.8731
-1.8798
-1.8866
-1.8934
-1.9002
-1.9071
-1.9141
-1.9211
-1.9281
-1.9352
-1.9424
-1.9496
-1.9569
-1.9642
-1.9716
-1.979
-1.9865
-1.9941
-2.0017
-2.0093
-2.0171
-2.0248
-2.0327
-2.0406
-2.0486
-2.0567
-2.0648
-2.073
-2.0812
-2.0895
-2.0979
-2.1064
-2.115
-2.1236
-2.1323
-2.1411
-2.1499
-2.1589
-2.1679
-2.177
-2.1862
-2.1955
-2.2048
-2.2143
-2.2239
-2.2335
-2.2433
-2.2531
-2.2631
-2.2731
-2.2833
-2.2935
-2.3039
-2.3144
-2.325
-2.3357
-2.3465
-2.3575
-2.3686
-2.3798
-2.3912
-2.4026
-2.4142
-2.426
-2.4379
-2.45
-2.4622
-2.4745
-2.487
-2.4997
-2.5126
-2.5256
-2.5388
-2.5522
-2.5657
-2.5795
-2.5934
-2.6076
-2.622
-2.6366
-2.6514
-2.6664
-2.6817
-2.6972
-2.713
-2.729
-2.7453
-2.7619
-2.7788
-2.7959
-2.8134
-2.8312
-2.8493
-2.8678
-2.8867
-2.9059
-2.9255
-2.9455
-2.9659
-2.9867
-3.0081
-3.0299
-3.0522
-3.075
-3.0984
-3.1223
-3.1469
-3.1721
-3.1979
-3.2245
-3.2518
-3.28
-3.3089
-3.3388
-3.3696
-3.4014
-3.4342
-3.4683
-3.5036
-3.5402
-3.5782
-3.6178
-3.6591
-3.7022
-3.7473
-3.7947
-3.8444
-3.8969
-3.9523
-4.0111
-4.0737
-4.1406
-4.2125
-4.2902
-4.3746
-4.467
-4.5692
-4.6835
-4.813
-4.9625
-5.1394
-5.3558
-5.6349
-6.0282
-6.7005
-34.962
-6.7005
-6.0282
-5.6349
-5.3558
-5.1394
-4.9625
-4.813
-4.6835
-4.5692
-4.467
-4.3746
-4.2902
-4.2125
-4.1406
-4.0737
-4.0111
-3.9523
-3.8969
-3.8444
-3.7947
-3.7473
-3.7022
-3.6591
-3.6178
-3.5782
-3.5402
-3.5036
-3.4683
-3.4342
-3.4014
-3.3696
-3.3388
-3.3089
-3.28
-3.2518
-3.2245
-3.1979
-3.1721
-3.1469
-3.1223
-3.0984
-3.075
-3.0522
-3.0299
-3.0081
-2.9867
-2.9659
-2.9455
-2.9255
-2.9059
-2.8867
-2.8678
-2.8493
-2.8312
-2.8134
-2.7959
-2.7788
-2.7619
-2.7453
-2.729
-2.713
-2.6972
-2.6817
-2.6664
-2.6514
-2.6366
-2.622
-2.6076
-2.5934
-2.5795
-2.5657
-2.5522
-2.5388
-2.5256
-2.5126
-2.4997
-2.487
-2.4745
-2.4622
-2.45
-2.4379
-2.426
-2.4142
-2.4026
-2.3912
-2.3798
-2.3686
-2.3575
-2.3465
-2.3357
-2.325
-2.3144
-2.3039
-2.2935
-2.2833
-2.2731
-2.2631
-2.2531
-2.2433
-2.2335
-2.2239
-2.2143
-2.2048
-2.1955
-2.1862
-2.177
-2.1679
-2.1589
-2.1499
-2.1411
-2.1323
-2.1236
-2.115
-2.1064
-2.0979
-2.0895
-2.0812
-2.073
-2.0648
-2.0567
-2.0486
-2.0406
-2.0327
-2.0248
-2.0171
-2.0093
-2.0017
-1.9941
-1.9865
-1.979
-1.9716
-1.9642
-1.9569
-1.9496
-1.9424
-1.9352
-1.9281
-1.9211
-1.9141
-1.9071
-1.9002
-1.8934
-1.8866
-1.8798
-1.8731
-1.8664
-1.8598
-1.8532
-1.8467
-1.8402
-1.8338
-1.8274
-1.821
-1.8147
-1.8084
-1.8022
-1.796
-1.7898
-1.7837
-1.7776
-1.7716
-1.7656
-1.7596
-1.7537
-1.7478
-1.7419
-1.7361
-1.7303
-1.7245
-1.7188
-1.7131
-1.7075
-1.7018
-1.6962
-1.6907
-1.6852
-1.6797
-1.6742
-1.6688
-1.6634
-1.658
-1.6526
-1.6473
-1.642
-1.6368
-1.6315
-1.6263
-1.6212
-1.616
-1.6109
-1.6058
-1.6008
-1.5957
-1.5907
-1.5857
-1.5808
-1.5758
-1.5709
-1.566
-1.5612
-1.5563
-1.5515
-1.5467
-1.5419
-1.5372
-1.5325
-1.5278
-1.5231
-1.5185
-1.5138
-1.5092
-1.5046
-1.5001
-1.4955
-1.491
-1.4865
-1.482
-1.4776
-1.4731
-1.4687
-1.4643
-1.4599
-1.4556
-1.4512
-1.4469
-1.4426
-1.4383
-1.4341
-1.4298
-1.4256
-1.4214
-1.4172
-1.413
-1.4089
-1.4047
-1.4006
-1.3965
-1.3924
-1.3884
-1.3843
-1.3803
-1.3763
-1.3723
-1.3683
-1.3643
-1.3604
-1.3564
-1.3525
-1.3486
-1.3447
-1.3408
-1.337
-1.3331
-1.3293
-1.3255
-1.3217
-1.3179
-1.3142
-1.3104
-1.3067
-1.3029
-1.2992
-1.2955
-1.2919
-1.2882
-1.2845
-1.2809
-1.2773
-1.2737
-1.2701
-1.2665
-1.2629
-1.2593
-1.2558
-1.2523
-1.2487
-1.2452
-1.2417
-1.2382
-1.2348
-1.2313
-1.2279
-1.2244
-1.221
-1.2176
-1.2142
-1.2108
-1.2075
-1.2041
-1.2007
-1.1974
-1.1941
-1.1908
-1.1875
-1.1842
-1.1809
-1.1776
-1.1743
-1.1711
-1.1679
-1.1646
-1.1614
-1.1582
-1.155
-1.1518
-1.1486
-1.1455
-1.1423
-1.1392
-1.136
-1.1329
-1.1298
-1.1267
-1.1236
-1.1205
-1.1175
-1.1144
-1.1113
-1.1083
-1.1053
-1.1022
-1.0992
-1.0962
-1.0932
-1.0902
-1.0872
-1.0843
-1.0813
-1.0783
-1.0754
-1.0725
-1.0695
-1.0666
-1.0637
-1.0608
-1.0579
-1.055
-1.0522
-1.0493
-1.0464
-1.0436
-1.0408
-1.0379
-1.0351
-1.0323
-1.0295
-1.0267
-1.0239
-1.0211
-1.0183
-1.0156
-1.0128
-1.01
-1.0073
-1.0046
-1.0018
-0.99912
-0.99641
-0.9937
-0.991
-0.98831
-0.98563
-0.98295
-0.98028
-0.97762
-0.97497
-0.97232
-0.96968
-0.96705
-0.96442
-0.96181
-0.9592
-0.95659
-0.95399
-0.9514
-0.94882
-0.94624
-0.94368
-0.94111
-0.93856
-0.93601
-0.93346
-0.93093
-0.9284
-0.92588
-0.92336
-0.92085
-0.91835
-0.91585
-0.91336
-0.91088
-0.9084
-0.90593
-0.90346
-0.901
-0.89855
-0.8961
-0.89366
-0.89123
-0.8888
-0.88638
-0.88396
-0.88155
-0.87915
-0.87675
-0.87436
-0.87197
-0.86959
-0.86722
-0.86485
-0.86249
-0.86013
-0.85778
-0.85543
-0.85309
-0.85076
-0.84843
-0.84611
-0.84379
-0.84148
-0.83917
-0.83687
-0.83457
-0.83228
-0.83
-0.82772
-0.82544
-0.82317
-0.82091
-0.81865
-0.8164
-0.81415
-0.81191
-0.80967
-0.80744
-0.80521
-0.80299
-0.80077
-0.79856
-0.79635
-0.79415
-0.79195
-0.78976
-0.78757
-0.78539
-0.78321
-0.78104
-0.77887
-0.77671
-0.77455
-0.7724
-0.77025
-0.76811
-0.76597
-0.76383
-0.7617
-0.75958
-0.75746
-0.75534
-0.75323
-0.75113
-0.74902
-0.74693
-0.74483
-0.74275
-0.74066
-0.73858
-0.73651
-0.73444
-0.73237
-0.73031
-0.72825
-0.7262
-0.72415
-0.72211
-0.72007
-0.71803
-0.716
-0.71397
-0.71195
-0.70993
-0.70792
-0.70591
-0.7039
-0.7019
-0.6999
-0.69791
-0.69592
-0.69393
-0.69195
-0.68997
-0.688
-0.68603
-0.68406
-0.6821
-0.68014
-0.67819
-0.67624
-0.67429
-0.67235
-0.67041
-0.66848
-0.66655
-0.66462
-0.6627
-0.66078
-0.65887
-0.65696
-0.65505
-0.65314
-0.65124
-0.64935
-0.64746
-0.64557
-0.64368
-0.6418
-0.63992
-0.63805
-0.63618
-0.63431
-0.63245
-0.63059
-0.62873
-0.62688
-0.62503
-0.62318
-0.62134
-0.6195
-0.61766
-0.61583
-0.614
-0.61218
-0.61036
-0.60854
-0.60672
-0.60491
-0.6031
-0.6013
-0.5995
-0.5977
-0.59591
-0.59411
-0.59233
-0.59054
-0.58876
-0.58698
-0.58521
-0.58344
-0.58167
-0.5799
-0.57814
-0.57638
-0.57463
-0.57287
-0.57112
-0.56938
-0.56763
-0.56589
-0.56416
-0.56242
-0.56069
-0.55897
-0.55724
-0.55552
-0.5538
-0.55209
-0.55037
-0.54866
-0.54696
-0.54526
-0.54356
-0.54186
-0.54016
-0.53847
-0.53678
-0.5351
-0.53342
-0.53174
-0.53006
-0.52839
-0.52671
-0.52505
-0.52338
-0.52172
-0.52006
-0.5184
-0.51675
-0.5151
-0.51345
-0.5118
-0.51016
-0.50852
-0.50688
-0.50525
-0.50362
-0.50199
-0.50036
-0.49874
-0.49712
-0.4955
-0.49389
-0.49227
-0.49066
-0.48906
-0.48745
-0.48585
-0.48425
-0.48265
-0.48106
-0.47947
-0.47788
-0.47629
-0.47471
-0.47313
-0.47155
-0.46997
-0.4684
-0.46683
-0.46526
-0.46369
-0.46213
-0.46057
-0.45901
-0.45746
-0.4559
-0.45435
-0.4528
-0.45126
-0.44972
-0.44817
-0.44664
-0.4451
-0.44357
-0.44204
-0.44051
-0.43898
-0.43746
-0.43593
-0.43442
-0.4329
-0.43138
-0.42987
-0.42836
-0.42685
-0.42535
-0.42385
-0.42235
-0.42085
-0.41935
-0.41786
-0.41637
-0.41488
-0.41339
-0.41191
-0.41043
-0.40895
-0.40747
-0.40599
-0.40452
-0.40305
-0.40158
-0.40012
-0.39865
-0.39719
-0.39573
-0.39427
-0.39282
-0.39136
-0.38991
-0.38846
-0.38702
-0.38557
-0.38413
-0.38269
-0.38125
-0.37982
-0.37838
-0.37695
-0.37552
-0.37409
-0.37267
-0.37124
-0.36982
-0.3684
-0.36699
-0.36557
-0.36416
-0.36275
-0.36134
-0.35993
-0.35853
-0.35712
-0.35572
-0.35432
-0.35293
-0.35153
-0.35014
-0.34875
-0.34736
-0.34597
-0.34459
-0.34321
-0.34183
-0.34045
-0.33907
-0.3377
-0.33632
-0.33495
-0.33358
-0.33222
-0.33085
-0.32949
-0.32813
-0.32677
-0.32541
-0.32405
-0.3227
-0.32135
-0.32
-0.31865
-0.3173
-0.31596
-0.31462
-0.31327
-0.31194
-0.3106
-0.30926
-0.30793
-0.3066
-0.30527
-0.30394
-0.30262
-0.30129
-0.29997
-0.29865
-0.29733
-0.29601
-0.2947
-0.29338
-0.29207
-0.29076
-0.28945
-0.28815
-0.28684
-0.28554
-0.28424
-0.28294
-0.28164
-0.28035
-0.27905
-0.27776
-0.27647
-0.27518
-0.27389
-0.27261
-0.27132
-0.27004
-0.26876
-0.26748
-0.2662
-0.26493
-0.26365
-0.26238
-0.26111
-0.25984
-0.25858
-0.25731
-0.25605
-0.25478
-0.25352
-0.25226
-0.25101
-0.24975
-0.2485
-0.24725
-0.24599
-0.24475
-0.2435
-0.24225
-0.24101
-0.23976
-0.23852
-0.23728
-0.23605
-0.23481
-0.23357
-0.23234
-0.23111
-0.22988
-0.22865
-0.22742
-0.2262
-0.22497
-0.22375
-0.22253
-0.22131
-0.22009
-0.21888
-0.21766
-0.21645
-0.21524
-0.21403
-0.21282
-0.21161
-0.21041
-0.2092
-0.208
-0.2068
-0.2056
-0.2044
-0.2032
-0.20201
-0.20081
-0.19962
-0.19843
-0.19724
-0.19605
-0.19487
-0.19368
-0.1925
-0.19132
-0.19013
-0.18896
-0.18778
-0.1866
-0.18543
-0.18425
-0.18308
-0.18191
-0.18074
-0.17957
-0.17841
-0.17724
-0.17608
-0.17491
-0.17375
-0.17259
-0.17144
-0.17028
-0.16912
-0.16797
-0.16682
-0.16566
-0.16451
-0.16337
-0.16222
-0.16107
-0.15993
-0.15879
-0.15764
-0.1565
-0.15536
-0.15423
-0.15309
-0.15195
-0.15082
-0.14969
-0.14856
-0.14743
-0.1463
-0.14517
-0.14405
-0.14292
-0.1418
-0.14067
-0.13955
-0.13843
-0.13732
-0.1362
-0.13508
-0.13397
-0.13286
-0.13175
-0.13063
-0.12953
-0.12842
-0.12731
-0.12621
-0.1251
-0.124
-0.1229
-0.1218
-0.1207
-0.1196
-0.1185
-0.11741
-0.11631
-0.11522
-0.11413
-0.11304
-0.11195
-0.11086
-0.10977
-0.10869
-0.1076
-0.10652
-0.10544
-0.10436
-0.10328
-0.1022
-0.10112
-0.10005
-0.098972
-0.097898
-0.096826
-0.095754
-0.094684
-0.093616
-0.092548
-0.091481
-0.090416
-0.089352
-0.088289
-0.087227
-0.086166
-0.085107
-0.084048
-0.082991
-0.081935
-0.08088
-0.079826
-0.078774
-0.077722
-0.076672
-0.075623
-0.074575
-0.073528
-0.072482
-0.071437
-0.070394
-0.069351
-0.06831
-0.06727
-0.06623
-0.065192
-0.064156
-0.06312
-0.062085
-0.061052
-0.060019
-0.058988
-0.057958
-0.056928
-0.0559
-0.054873
-0.053847
-0.052823
-0.051799
-0.050776
-0.049754
-0.048734
-0.047715
-0.046696
-0.045679
-0.044663
-0.043647
-0.042633
-0.04162
-0.040608
-0.039597
-0.038587
-0.037579
-0.036571
-0.035564
-0.034558
-0.033554
-0.03255
-0.031547
-0.030546
-0.029545
-0.028546
-0.027547
-0.02655
-0.025554
-0.024558
-0.023564
-0.022571
-0.021578
-0.020587
-0.019597
-0.018607
-0.017619
-0.016632
-0.015646
-0.01466
-0.013676
-0.012693
-0.011711
-0.01073
-0.0097492
-0.0087695
-0.007793
-0.0068169
-0.0058397
-0.0048672
-0.003898
-0.0029319
-0.0019962
-0.0010828
-0.00051683
-0.0020615
-0.0038413
-0.0058739
-0.0078438
-0.0098168
-0.011804
-0.013799
-0.015806
-0.01782
-0.019847
-0.021885
-0.023931
-0.025986
-0.028051
-0.030126
-0.03221
-0.034305
-0.03641
-0.038525
-0.040651
-0.042787
-0.044933
-0.04709
-0.049258
-0.051437
-0.053626
-0.055827
-0.058038
-0.060261
-0.062495
-0.064741
-0.066998
-0.069267
-0.071548
-0.07384
-0.076145
-0.078462
-0.080791
-0.083132
-0.085486
-0.087853
-0.090232
-0.092624
-0.095029
-0.097448
-0.09988
-0.10232
-0.10478
-0.10726
-0.10974
-0.11224
-0.11476
-0.11729
-0.11983
-0.12239
-0.12496
-0.12755
-0.13015
-0.13277
-0.1354
-0.13805
-0.14072
-0.1434
-0.1461
-0.14881
-0.15154
-0.15429
-0.15706
-0.15984
-0.16264
-0.16545
-0.16829
-0.17114
-0.17401
-0.1769
-0.17981
-0.18274
-0.18568
-0.18865
-0.19163
-0.19464
-0.19766
-0.20071
-0.20378
-0.20686
-0.20997
-0.2131
-0.21626
-0.21943
-0.22263
-0.22585
-0.22909
-0.23236
-0.23565
-0.23896
-0.2423
-0.24566
-0.24905
-0.25246
-0.2559
-0.25937
-0.26286
-0.26638
-0.26993
-0.2735
-0.2771
-0.28073
-0.2844
-0.28809
-0.29181
-0.29556
-0.29934
-0.30315
-0.307
-0.31088
-0.31479
-0.31873
-0.32271
-0.32673
-0.33077
-0.33486
-0.33898
-0.34314
-0.34734
-0.35157
-0.35585
-0.36017
-0.36452
-0.36892
-0.37336
-0.37784
-0.38237
-0.38694
-0.39156
-0.39622
-0.40093
-0.40569
-0.4105
-0.41536
-0.42028
-0.42524
-0.43026
-0.43533
-0.44046
-0.44565
-0.45089
-0.45619
-0.46156
-0.46699
-0.47248
-0.47804
-0.48366
-0.48935
-0.49512
-0.50095
-0.50686
-0.51285
-0.51891
-0.52505
-0.53128
-0.53759
-0.54398
-0.55046
-0.55703
-0.5637
-0.57046
-0.57733
-0.58429
-0.59136
-0.59853
-0.60582
-0.61322
-0.62074
-0.62838
-0.63615
-0.64405
-0.65208
-0.66025
-0.66857
-0.67703
-0.68565
-0.69443
-0.70337
-0.71249
-0.72178
-0.73127
-0.74094
-0.75082
-0.76091
-0.77121
-0.78175
-0.79252
-0.80354
-0.81483
-0.82638
-0.83823
-0.85038
-0.86285
-0.87565
-0.8888
-0.90233
-0.91625
-0.93059
-0.94538
-0.96063
-0.97639
-0.99268
-1.0096
-1.027
-1.0452
-1.0641
-1.0837
-1.1042
-1.1255
-1.1479
-1.1714
-1.1961
-1.2221
-1.2496
-1.2788
-1.3098
-1.343
-1.3787
-1.4172
-1.459
-1.5048
-1.5555
-1.612
-1.6761
-1.75
-1.8372
-1.9437
-2.0804
-2.2716
-2.592
-3.9278
-2.6578
-2.3042
-2.1018
-1.9593
-1.8493
-1.7597
-1.684
-1.6185
-1.5609
-1.5093
-1.4626
-1.4201
-1.3809
-1.3447
-1.311
-1.2794
-1.2498
-1.2219
-1.1954
-1.1704
-1.1465
-1.1238
-1.102
-1.0812
-1.0613
-1.0421
-1.0236
-1.0058
-0.98867
-0.97208
-0.95603
-0.9405
-0.92543
-0.91082
-0.89662
-0.88282
-0.8694
-0.85634
-0.84361
-0.8312
-0.8191
-0.80729
-0.79575
-0.78447
-0.77345
-0.76267
-0.75211
-0.74178
-0.73166
-0.72174
-0.71202
-0.70248
-0.69312
-0.68394
-0.67492
-0.66606
-0.65736
-0.64881
-0.6404
-0.63213
-0.624
-0.616
-0.60812
-0.60037
-0.59273
-0.58522
-0.57781
-0.57051
-0.56331
-0.55622
-0.54923
-0.54233
-0.53553
-0.52882
-0.5222
-0.51566
-0.50921
-0.50284
-0.49655
-0.49033
-0.4842
-0.47813
-0.47214
-0.46622
-0.46037
-0.45459
-0.44887
-0.44322
-0.43763
-0.4321
-0.42663
-0.42122
-0.41586
-0.41057
-0.40533
-0.40014
-0.395
-0.38992
-0.38488
-0.3799
-0.37497
-0.37008
-0.36524
-0.36044
-0.35569
-0.35099
-0.34632
-0.3417
-0.33712
-0.33259
-0.32809
-0.32363
-0.31921
-0.31483
-0.31048
-0.30618
-0.30191
-0.29767
-0.29347
-0.2893
-0.28517
-0.28107
-0.277
-0.27297
-0.26896
-0.26499
-0.26105
-0.25714
-0.25326
-0.24941
-0.24558
-0.24179
-0.23802
-0.23428
-0.23057
-0.22688
-0.22322
-0.21958
-0.21598
-0.21239
-0.20883
-0.2053
-0.20179
-0.1983
-0.19484
-0.1914
-0.18798
-0.18459
-0.18122
-0.17786
-0.17454
-0.17123
-0.16794
-0.16468
-0.16143
-0.1582
-0.155
-0.15181
-0.14865
-0.1455
-0.14237
-0.13926
-0.13617
-0.1331
-0.13005
-0.12701
-0.12399
-0.12099
-0.11801
-0.11504
-0.11209
-0.10916
-0.10624
-0.10334
-0.10045
-0.097585
-0.094732
-0.091894
-0.089071
-0.086264
-0.083472
-0.080695
-0.077932
-0.075184
-0.07245
-0.06973
-0.067024
-0.064333
-0.061655
-0.058991
-0.05634
-0.053702
-0.051078
-0.048466
-0.045868
-0.043282
-0.04071
-0.038149
-0.035601
-0.033065
-0.030542
-0.02803
-0.025531
-0.023043
-0.020567
-0.018102
-0.015649
-0.013207
-0.010776
-0.0083571
-0.0059508
-0.0035516
-0.0012533
-0.0024982
-0.0073097
-0.012259
-0.017333
-0.022524
-0.027838
-0.033279
-0.038855
-0.044571
-0.050434
-0.056452
-0.062634
-0.068987
-0.075521
-0.082248
-0.089177
-0.096322
-0.1037
-0.11131
-0.11919
-0.12734
-0.1358
-0.14457
-0.15368
-0.16317
-0.17306
-0.18338
-0.19418
-0.20551
-0.21741
-0.22994
-0.24318
-0.25721
-0.27212
-0.28803
-0.30509
-0.32348
-0.3434
-0.36515
-0.38908
-0.41567
-0.4456
-0.47981
-0.51971
-0.56758
-0.6274
-0.70713
-0.82695
-1.0747
-1.1347
-0.84633
-0.71814
-0.6346
-0.5725
-0.52304
-0.48191
-0.44671
-0.41592
-0.38857
-0.36396
-0.34158
-0.32106
-0.30212
-0.28452
-0.26809
-0.25268
-0.23816
-0.22445
-0.21145
-0.19909
-0.18731
-0.17606
-0.16529
-0.15497
-0.14505
-0.13551
-0.12631
-0.11744
-0.10886
-0.10057
-0.092535
-0.084748
-0.077191
-0.069851
-0.062716
-0.055774
-0.049015
-0.042429
-0.036006
-0.02974
-0.023622
-0.017646
-0.011804
-0.0060955
-0.00068397
-0.010543
-0.023301
-0.037746
-0.054425
-0.073618
-0.096804
-0.12575
-0.16447
-0.22174
-0.33532
-0.40463
-0.24321
-0.17556
-0.13254
-0.10046
-0.074948
-0.05373
-0.035527
-0.019624
-0.0052745
-0.017588
-0.07225
-0.11326
-0.028073
-0.02015
0.010845
0.041193
0.049226
0.051072
0.070226
0.083837
0.0849
0.092253
0.082099
0.095807
0.10393
0.10116
0.073965
-0.17382
0.096985
0.11809
0.1143
0.12636
0.12683
0.13688
0.13802
0.14877
0.15569
0.16773
0.16951
0.16878
0.17452
0.17151
0.17162
0.17534
0.1786
0.17489
-0.0053238
0.18387
0.17925
0.1654
-0.031045
0.13667
0.16942
0.18371
0.18834
0.18957
0.19372
0.19396
0.18592
0.19851
0.20175
0.20273
0.20914
0.21103
0.20588
0.21025
0.20841
0.21457
0.19701
0.19945
0.17963
-0.17585
-0.25554
-0.087945
-0.01851
-0.090543
-0.018753
-0.024138
-0.0062162
0.14417
0.1801
0.1964
0.20412
0.21735
0.21917
0.23336
0.21676
0.23456
0.24459
0.23925
0.24037
0.17871
0.2302
0.22197
0.24599
0.24902
0.25621
0.2686
0.26571
0.26571
-9.0816e-05
0.26266
0.27378
0.25788
0.2752
0.27294
0.24983
0.21234
0.26116
0.27461
0.27503
0.28
0.29396
0.29156
0.29707
0.29769
0.3036
-0.0062781
0.30304
0.3116
0.31922
0.31638
0.32274
0.33166
0.33444
0.33431
0.32977
0.33588
0.33636
0.33824
0.33494
0.3379
0.32782
0.33778
0.34318
0.33826
0.34497
0.34758
0.33995
0.34652
0.34459
0.34477
0.34711
0.35354
0.34292
0.33878
-0.055218
0.28376
0.3253
0.32993
0.34562
0.34316
0.33893
0.34088
0.35535
0.33145
0.35646
0.35459
0.35806
0.35948
0.35406
0.33499
0.34507
0.35572
0.35787
0.35447
0.35664
0.36557
0.35381
0.35883
0.36208
0.36483
0.36806
0.36928
0.36039
0.37257
0.37072
0.3606
0.36204
0.36495
0.35678
0.35257
0.27541
-0.55963
-0.10852
-0.0082894
-0.15142
-0.0019868
0.062874
0.24564
0.3041
0.31987
0.33484
0.33453
0.34962
0.34654
0.35824
0.36208
0.36706
0.37556
0.36223
0.37578
0.37237
0.37431
0.38491
0.37613
0.366
0.37615
0.38054
0.38422
0.391
0.38521
0.39051
0.39565
0.39845
0.38423
0.38766
0.38918
0.36702
0.33251
0.37083
0.38448
0.37655
0.385
0.39803
0.40548
0.38811
0.40319
0.40547
0.40251
0.37815
0.39304
0.41144
0.41
0.41173
0.41974
0.41925
0.42296
0.41536
0.41607
0.42639
0.42409
0.42658
0.42572
0.42138
0.063546
0.40801
0.41493
0.4168
0.42129
0.41565
0.42577
0.41631
0.41385
0.42562
0.42718
0.42457
0.4296
0.43006
0.4341
0.418
0.41959
0.42621
0.4194
0.41718
0.41698
0.41498
0.41287
0.39573
0.39389
0.38437
0.36256
0.29318
-0.16647
-0.35842
-0.63787
-1.2892
-0.59979
-0.41116
-0.30023
-0.22337
-0.16397
-0.11651
-0.07686
-0.042969
-0.013695
-0.028536
-0.10811
-0.27164
-0.31676
-0.12253
-0.03661
-0.060136
-0.0042813
0.0063229
0.10066
0.12276
0.14124
0.018266
-0.02645
-0.025513
0.26987
0.31676
0.36208
0.36893
0.34639
0.3855
0.40218
0.40579
0.39574
0.4027
0.41633
0.43142
0.43413
0.41095
0.40609
0.40997
0.43145
0.44185
0.43998
0.44855
0.45546
0.46053
0.45298
0.45469
0.4706
0.46616
0.47724
0.46918
0.46779
0.4498
0.46383
0.44956
0.46607
0.47793
0.4739
0.47946
0.47535
0.48034
0.4896
0.48196
0.48721
0.48964
0.48421
0.48071
0.4761
0.49191
0.48473
0.48462
0.47124
-0.046442
0.40161
0.44315
0.47736
0.47911
0.47586
0.46673
0.47781
0.49375
0.48799
0.50152
0.51212
0.50455
0.51209
0.51574
0.51462
0.51139
0.50311
0.51449
0.52017
0.52389
0.53067
0.52947
0.53565
0.53737
0.52404
0.53908
0.53409
0.54638
0.53155
0.53552
0.53917
0.51131
0.52773
0.53756
0.53616
0.54315
0.54809
0.55077
0.54597
0.55303
0.55566
0.5545
0.55801
0.56024
0.5539
0.55041
0.55943
0.56254
0.55702
0.56304
0.56519
0.5635
0.55772
0.50371
-0.11065
0.48666
0.5344
0.54919
0.55715
0.55953
0.56745
0.56692
0.52273
0.57409
0.57714
0.5838
0.58396
0.58706
0.59031
0.59281
0.59377
0.57308
0.59652
0.59893
0.60149
0.60679
0.60689
0.60972
0.60394
0.61207
0.61725
0.62047
0.62055
0.62086
0.61616
0.62608
0.6287
0.63137
0.63513
0.64135
0.64773
0.64873
0.65601
0.67235
