10.043
10.709
9.8156
6.9639
3.7939
1.302
0.061797
0.24688
0.26201
0.10975
0.18371
0.068814
-0.054937
0.14163
0.21814
0.10831
0.14675
0.098093
-0.011478
0.089593
0.18863
0.1171
0.12557
0.11016
0.020936
0.058361
0.16305
0.12838
0.11176
0.11461
0.046448
0.040069
0.13815
0.13729
0.10379
0.11481
0.066024
0.032762
0.11336
0.14098
0.10197
0.1123
0.080381
0.034982
0.089277
0.13825
0.1062
0.10811
0.090326
0.043871
0.067586
0.12901
0.11422
0.10338
0.096614
0.055691
0.051107
0.11384
0.1217
0.099977
0.099815
0.067388
0.042942
0.094011
0.12425
0.10047
0.10032
0.077296
0.04401
0.071895
0.11896
0.10598
0.098633
0.084804
0.051485
0.052007
0.1047
0.11291
0.096291
0.089689
0.061076
0.040753
0.082163
0.11397
0.096861
0.09163
0.069874
0.04114
0.055301
0.10283
0.10232
0.090478
0.07657
0.048449
0.034513
0.076692
0.10404
0.088746
0.080026
0.056395
0.030404
0.039745
0.086645
0.090968
0.078134
0.061688
0.035931
0.015066
0.040326
0.079923
0.071939
0.060224
0.038724
0.015593
-0.0052463
0.013318
0.049782
0.040289
0.027415
0.0096993
0.00084522
0.0023705
0.0037037
-0.010593
-0.011267
-0.024201
-0.012044
0.020669
0.06803
0.12055
0.16044
0.15765
0.13466
0.097847
0.081575
0.095725
0.139
0.19738
0.26116
0.32131
0.34847
0.32548
0.27569
0.23197
0.20662
0.20235
0.23436
0.23552
0.22485
0.21124
0.19819
0.189
0.17645
0.17097
0.18073
0.17179
0.17402
0.18915
0.21749
0.25032
0.27003
0.25991
0.24228
0.21797
0.21796
0.24493
0.28735
0.33325
0.36714
0.36342
0.33942
0.30466
0.28451
0.27691
0.28118
0.29137
0.28476
0.27268
0.25577
0.26172
0.28476
0.31987
0.36236
0.40873
0.45336
0.47617
0.46074
0.42484
0.39043
0.37016
0.35953
0.38133
0.38881
0.37887
0.36765
0.3568
0.35277
0.35326
0.34775
0.3409
0.33387
0.33015
0.34211
0.36564
0.39604
0.42582
0.43812
0.42645
0.40516
0.38455
0.38225
0.40038
0.43324
0.47249
0.51436
0.55399
0.57261
0.55652
0.52119
0.48873
0.47003
0.4744
0.49199
0.48694
0.48018
0.46976
0.45766
0.44508
0.44836
0.46335
0.45656
0.45006
0.4425
0.43916
0.43945
0.43558
0.42809
0.42465
0.41833
0.42579
0.44275
0.46494
0.48463
0.4869
0.47669
0.45954
0.44748
0.45417
0.47711
0.50649
0.53312
0.54004
0.52733
0.50454
0.48594
0.47786
0.47949
0.49153
0.50179
0.49438
0.48023
0.46656
0.47079
0.48714
0.51141
0.53893
0.56199
0.56332
0.54856
0.52502
0.51036
0.50525
0.50715
0.51116
0.50453
0.49726
0.48691
0.49093
0.50582
0.52836
0.55556
0.58525
0.61357
0.62672
0.61533
0.59083
0.56809
0.55428
0.54745
0.56199
0.5655
0.55826
0.54984
0.54189
0.53857
0.53834
0.53408
0.52881
0.52326
0.52025
0.52783
0.54331
0.56357
0.58375
0.59272
0.58456
0.56961
0.55433
0.55108
0.56149
0.58255
0.60823
0.63453
0.65241
0.64701
0.62764
0.6046
0.59075
0.58083
0.58755
0.59636
0.59021
0.58393
0.57689
0.57396
0.57485
0.57409
0.56717
0.56339
0.55709
0.5618
0.57438
0.59185
0.60987
0.61917
0.61253
0.60027
0.58594
0.58235
0.59176
0.6112
0.63513
0.66128
0.68875
0.71627
0.73769
0.7362
0.7163
0.68921
0.67065
0.66976
0.67927
0.67628
0.67226
0.66729
0.65869
0.65305
0.66218
0.66607
0.66031
0.65677
0.64942
0.6408
0.64078
0.65105
0.64876
0.64437
0.63894
0.63137
0.62326
0.62574
0.63373
0.6289
0.62509
0.61999
0.61544
0.61005
0.60383
0.60851
0.60416
0.60255
0.60483
0.61139
0.61959
0.62248
0.61664
0.61046
0.60212
0.60504
0.61702
0.63186
0.6425
0.63986
0.63247
0.62036
0.61396
0.61942
0.63486
0.65314
0.66694
0.66523
0.65495
0.63965
0.62983
0.62571
0.62809
0.63589
0.63881
0.632
0.62101
0.61586
0.62112
0.63311
0.64914
0.66586
0.67572
0.67045
0.65806
0.64415
0.63795
0.63777
0.64315
0.64801
0.64328
0.63583
0.62751
0.62989
0.64001
0.65524
0.67347
0.6936
0.71494
0.73635
0.75263
0.75066
0.73482
0.71389
0.69989
0.69872
0.70686
0.705
0.70135
0.69706
0.69009
0.68438
0.69057
0.69535
0.69073
0.68753
0.6817
0.6748
0.67074
0.67872
0.6796
0.67527
0.67129
0.66623
0.66106
0.65487
0.65843
0.65879
0.65507
0.65365
0.65488
0.65918
0.66301
0.65997
0.65615
0.64913
0.64762
0.65466
0.66591
0.67694
0.68057
0.6753
0.66719
0.65846
0.65823
0.66781
0.68223
0.69591
0.70027
0.69387
0.68233
0.67184
0.66708
0.66834
0.67664
0.68661
0.68788
0.68075
0.66918
0.66398
0.66687
0.67557
0.68678
0.69411
0.69034
0.68208
0.67185
0.66945
0.67519
0.68715
0.70197
0.71652
0.72317
0.71696
0.70408
0.69228
0.68588
0.68021
0.6757
0.68147
0.67882
0.67554
0.67452
0.67911
0.68828
0.69881
0.70462
0.70034
0.69247
0.68335
0.6819
0.68863
0.70111
0.71634
0.73306
0.75069
0.76828
0.78131
0.77905
0.76541
0.74796
0.73647
0.7365
0.74255
0.74017
0.73749
0.73385
0.72801
0.72421
0.73022
0.73255
0.72862
0.72601
0.72098
0.71514
0.71441
0.72118
0.71969
0.71656
0.71285
0.70798
0.70248
0.70159
0.70723
0.7043
0.70166
0.6989
0.69731
0.69637
0.69286
0.69096
0.68873
0.68651
0.68942
0.69564
0.70318
0.7078
0.70463
0.70025
0.69297
0.69146
0.69801
0.7085
0.71804
0.71975
0.71477
0.70649
0.69929
0.69864
0.70616
0.71861
0.73233
0.7435
0.74371
0.73566
0.72333
0.71471
0.70862
0.70581
0.71337
0.71362
0.70947
0.7044
0.70163
0.70385
0.71021
0.71661
0.71586
0.71073
0.70263
0.69984
0.70429
0.7139
0.72629
0.74023
0.75519
0.77064
0.78488
0.79026
0.78267
0.76784
0.75468
0.74882
0.75371
0.75559
0.75212
0.7501
0.74567
0.74058
0.74167
0.74712
0.74508
0.7426
0.73916
0.73419
0.73002
0.73432
0.73733
0.73395
0.73149
0.72744
0.72286
0.71869
0.72294
0.72401
0.72085
0.71845
0.71621
0.71507
0.71323
0.70938
0.70963
0.70619
0.70674
0.71071
0.71692
0.72284
0.72353
0.71977
0.71432
0.70954
0.71196
0.71993
0.7293
0.73525
0.73271
0.72729
0.7194
0.71554
0.71836
0.72752
0.73929
0.75109
0.75786
0.75409
0.74475
0.73457
0.72827
0.72337
0.72609
0.73127
0.7283
0.72438
0.72014
0.71909
0.72209
0.7273
0.7294
0.72559
0.7198
0.71516
0.71732
0.72449
0.73461
0.74625
0.7583
0.76754
0.76654
0.75843
0.74726
0.73986
0.73496
0.73784
0.74253
0.73972
0.73649
0.73227
0.72929
0.72747
0.72483
0.7222
0.72179
0.71938
0.72061
0.72528
0.73265
0.74086
0.74611
0.7436
0.7382
0.73089
0.72832
0.73188
0.74043
0.75138
0.76353
0.77646
0.78995
0.80384
0.8179
0.83121
0.83818
0.83244
0.81881
0.80466
0.79807
0.80123
0.80093
0.79824
0.79753
0.79411
0.79081
0.7939
0.79545
0.7924
0.79163
0.78888
0.78481
0.78611
0.78937
0.78704
0.7856
0.78358
0.77944
0.77831
0.78245
0.78196
0.77951
0.77813
0.77438
0.77116
0.77454
0.77652
0.77363
0.77243
0.76932
0.76517
0.76582
0.76992
0.76824
0.76636
0.76403
0.75996
0.75731
0.76143
0.76276
0.75997
0.75829
0.7548
0.75067
0.75088
0.75528
0.75366
0.75165
0.74902
0.74535
0.74147
0.74328
0.74619
0.74355
0.74175
0.73927
0.73682
0.73356
0.73187
0.73387
0.73131
0.73065
0.73146
0.73397
0.73655
0.7356
0.73304
0.7294
0.72704
0.73016
0.73623
0.7424
0.7446
0.74156
0.73726
0.73204
0.73171
0.73723
0.74528
0.7519
0.75181
0.74767
0.7409
0.73601
0.73539
0.74041
0.74925
0.75963
0.77077
0.78209
0.7913
0.79142
0.78362
0.77232
0.76424
0.76249
0.76682
0.76639
0.76417
0.76206
0.75836
0.75491
0.75745
0.76051
0.7581
0.75636
0.75331
0.74955
0.74682
0.75069
0.7517
0.74919
0.7471
0.74427
0.74138
0.73788
0.73942
0.73997
0.73773
0.73676
0.73704
0.73896
0.74075
0.73899
0.7369
0.73315
0.73217
0.73581
0.74173
0.74756
0.74942
0.74646
0.74205
0.73722
0.73715
0.74245
0.75025
0.75728
0.75859
0.75478
0.74827
0.74289
0.74091
0.74319
0.74959
0.75716
0.76134
0.75831
0.75164
0.74517
0.74278
0.7428
0.74402
0.74279
0.74034
0.73667
0.736
0.73939
0.7455
0.75315
0.76098
0.76557
0.76309
0.7573
0.75059
0.74723
0.74653
0.74863
0.75109
0.74912
0.74556
0.74118
0.74179
0.74612
0.75297
0.7613
0.77036
0.77868
0.78127
0.77675
0.76843
0.76161
0.75726
0.75576
0.7604
0.76015
0.75772
0.75477
0.75231
0.7513
0.7509
0.74863
0.74744
0.74492
0.74455
0.74732
0.75249
0.75891
0.76461
0.76531
0.76192
0.75627
0.75217
0.75246
0.75733
0.765
0.77392
0.7835
0.79313
0.80022
0.79887
0.79144
0.78198
0.77576
0.77501
0.7789
0.77816
0.77627
0.77407
0.77075
0.76765
0.76975
0.77255
0.77044
0.76873
0.76599
0.76291
0.75978
0.7617
0.76351
0.76126
0.75956
0.75783
0.75701
0.75631
0.7538
0.75333
0.75114
0.75069
0.75298
0.75712
0.76174
0.764
0.76169
0.75856
0.75421
0.75389
0.75819
0.76467
0.77058
0.77177
0.76862
0.76331
0.75875
0.75769
0.76118
0.76812
0.77651
0.78557
0.79472
0.80166
0.8007
0.79384
0.78481
0.77876
0.77772
0.78144
0.78093
0.77908
0.77706
0.77394
0.77093
0.77266
0.77549
0.77355
0.77193
0.76938
0.76647
0.76345
0.76502
0.76693
0.7648
0.76321
0.76156
0.76076
0.76011
0.75776
0.75725
0.75523
0.75469
0.7568
0.76068
0.76504
0.76724
0.76508
0.76216
0.75802
0.75764
0.76166
0.76778
0.77336
0.77447
0.77149
0.76648
0.76216
0.76122
0.76464
0.7713
0.77931
0.78801
0.79716
0.80656
0.8155
0.82015
0.81639
0.80748
0.79846
0.79408
0.79648
0.79719
0.79512
0.79432
0.79191
0.78909
0.79048
0.79282
0.79104
0.78998
0.7881
0.78507
0.78417
0.78737
0.78719
0.7854
0.78405
0.7813
0.77862
0.78054
0.78269
0.78077
0.77958
0.77733
0.77435
0.77287
0.77612
0.77619
0.77435
0.77277
0.77032
0.76745
0.76645
0.76946
0.76824
0.76679
0.76529
0.76395
0.76259
0.7601
0.76039
0.75928
0.75825
0.75913
0.76145
0.76437
0.76562
0.76352
0.76145
0.75812
0.75844
0.76228
0.76728
0.77082
0.76974
0.76712
0.76281
0.76043
0.7624
0.76783
0.77391
0.77745
0.77556
0.77148
0.76633
0.76355
0.76363
0.76746
0.77344
0.77897
0.77964
0.77587
0.76976
0.76593
0.76449
0.76408
0.76298
0.7611
0.75959
0.75833
0.75996
0.7638
0.76914
0.77491
0.77882
0.77744
0.77364
0.7685
0.76601
0.76665
0.77055
0.77608
0.78046
0.7796
0.77562
0.77015
0.76765
0.76784
0.77023
0.77287
0.77201
0.76936
0.76537
0.76463
0.76745
0.77264
0.77914
0.7864
0.79395
0.8003
0.80085
0.79615
0.78886
0.78355
0.78081
0.78347
0.78526
0.78337
0.78168
0.77908
0.77638
0.77397
0.77624
0.77751
0.77561
0.77385
0.77217
0.7716
0.77165
0.77039
0.76892
0.76716
0.76617
0.76801
0.77173
0.77635
0.78013
0.77982
0.77727
0.77308
0.77055
0.77188
0.77659
0.7828
0.78901
0.79231
0.79007
0.7851
0.77979
0.77667
0.77411
0.77155
0.77357
0.77369
0.77176
0.77035
0.7715
0.77534
0.78067
0.78632
0.78979
0.78803
0.78375
0.77876
0.77643
0.77622
0.77797
0.77968
0.77804
0.77538
0.77221
0.77275
0.77608
0.78126
0.78753
0.79451
0.80196
0.80952
0.81568
0.81576
0.81052
0.8029
0.79743
0.79629
0.79916
0.7988
0.7973
0.79585
0.79333
0.79103
0.79283
0.79478
0.79311
0.79192
0.7898
0.78721
0.78553
0.78826
0.78875
0.78704
0.78556
0.78352
0.78136
0.77908
0.78081
0.78083
0.77932
0.77842
0.77825
0.77909
0.77974
0.77812
0.77695
0.77449
0.77434
0.77693
0.78084
0.78454
0.78536
0.78329
0.78017
0.77712
0.77751
0.78138
0.78662
0.79097
0.791
0.78823
0.78371
0.78045
0.77968
0.78221
0.78729
0.79313
0.79751
0.79661
0.79238
0.78684
0.78368
0.78148
0.77904
0.78006
0.78022
0.77869
0.77792
0.77892
0.78189
0.7857
0.7882
0.78679
0.78407
0.78032
0.77946
0.78204
0.78694
0.79288
0.79897
0.80313
0.80184
0.79737
0.79183
0.78834
0.78565
0.78614
0.78909
0.78779
0.78589
0.78371
0.78293
0.78406
0.78628
0.78692
0.78492
0.78207
0.77999
0.78139
0.78519
0.79036
0.79609
0.80107
0.80179
0.79867
0.79346
0.78961
0.78727
0.78498
0.78352
0.78567
0.7843
0.7829
0.78273
0.78508
0.78922
0.79409
0.79804
0.79776
0.79477
0.79019
0.78756
0.7874
0.78973
0.79344
0.79568
0.79392
0.79048
0.78694
0.78664
0.78907
0.79337
0.79826
0.80147
0.80008
0.79642
0.79197
0.78999
0.7901
0.79212
0.79426
0.7933
0.79092
0.78756
0.78722
0.78972
0.79412
0.7996
0.80573
0.81218
0.81806
0.81989
0.81652
0.81033
0.80517
0.80237
0.80406
0.80588
0.80437
0.80313
0.80106
0.79871
0.7969
0.79916
0.80005
0.79845
0.79698
0.7952
0.7937
0.79186
0.79065
0.79172
0.79025
0.7898
0.7905
0.79261
0.79526
0.7964
0.79469
0.79253
0.78979
0.79016
0.79335
0.79779
0.80178
0.80249
0.80028
0.79657
0.79347
0.79295
0.7956
0.80051
0.80636
0.81271
0.81934
0.82582
0.8299
0.82797
0.82214
0.81566
0.81185
0.81289
0.81449
0.81306
0.81224
0.8106
0.8083
0.80777
0.81023
0.81
0.80867
0.80747
0.80535
0.80327
0.80451
0.8063
0.8049
0.80388
0.80215
0.80001
0.79822
0.80019
0.80085
0.79935
0.7982
0.79669
0.79518
0.79317
0.7933
0.79372
0.79238
0.79203
0.79252
0.79393
0.79517
0.79421
0.79288
0.79058
0.78978
0.79183
0.79529
0.79861
0.79947
0.79768
0.79501
0.79222
0.79227
0.79547
0.8
0.80381
0.80395
0.80157
0.79767
0.79475
0.79394
0.79592
0.80021
0.80518
0.80885
0.80795
0.80426
0.79954
0.79691
0.79516
0.79309
0.79326
0.79356
0.79225
0.79181
0.79292
0.79569
0.79918
0.80166
0.80066
0.79832
0.7949
0.79374
0.79556
0.79964
0.80477
0.81034
0.81547
0.81717
0.81443
0.8093
0.80495
0.80222
0.80216
0.80495
0.80436
0.80291
0.80095
0.79908
0.79749
0.79553
0.79557
0.79605
0.79473
0.79423
0.79513
0.79762
0.8008
0.80288
0.80169
0.79944
0.79628
0.79554
0.79775
0.80191
0.80686
0.81162
0.81367
0.81156
0.80734
0.80335
0.80096
0.7988
0.79783
0.80025
0.79928
0.79771
0.79657
0.7975
0.80041
0.80426
0.80754
0.80742
0.80502
0.80124
0.79914
0.79952
0.80225
0.80631
0.81008
0.81059
0.80813
0.80404
0.80138
0.80082
0.80196
0.80394
0.80411
0.80228
0.79945
0.79816
0.79966
0.80307
0.80761
0.8128
0.81839
0.82399
0.82787
0.82672
0.82221
0.81678
0.8133
0.81287
0.81529
0.8149
0.81368
0.81222
0.8102
0.80819
0.80891
0.81093
0.80979
0.80864
0.80699
0.80535
0.80352
0.80245
0.80415
0.80306
0.80214
0.80168
0.80234
0.80386
0.80482
0.80349
0.80209
0.79979
0.7999
0.80235
0.80591
0.80928
0.81021
0.80845
0.80558
0.80285
0.80254
0.80511
0.80946
0.81435
0.81854
0.81904
0.81629
0.81181
0.80847
0.80619
0.80461
0.80695
0.80754
0.80599
0.80415
0.80303
0.80378
0.80615
0.80877
0.80908
0.80721
0.80416
0.80242
0.80345
0.80661
0.811
0.81603
0.82147
0.82712
0.83233
0.83422
0.83135
0.82584
0.82099
0.81876
0.82052
0.8213
0.81995
0.81912
0.81741
0.81542
0.81553
0.81765
0.81698
0.81594
0.81461
0.81272
0.81091
0.81203
0.81347
0.8122
0.81121
0.80972
0.80815
0.8063
0.8065
0.80756
0.80628
0.80553
0.8051
0.80547
0.80609
0.80539
0.80424
0.8027
0.80181
0.80323
0.80593
0.80887
0.81036
0.80904
0.80712
0.80443
0.80386
0.80612
0.8099
0.81353
0.81459
0.81279
0.80968
0.80676
0.80568
0.80699
0.81055
0.81505
0.81938
0.82099
0.81878
0.81451
0.81092
0.80877
0.80687
0.808
0.80892
0.80759
0.80636
0.80564
0.8063
0.80796
0.80916
0.80798
0.80636
0.80402
0.80409
0.80642
0.81003
0.81398
0.81682
0.81613
0.81365
0.8101
0.80807
0.8078
0.80961
0.81269
0.81482
0.81363
0.81087
0.80779
0.80713
0.80847
0.81125
0.81417
0.81477
0.81292
0.80982
0.80773
0.80809
0.81061
0.81442
0.81863
0.82172
0.82101
0.81803
0.8141
0.81184
0.81048
0.80905
0.80778
0.80848
0.80732
0.807
0.80804
0.8106
0.81402
0.81743
0.81878
0.81713
0.81414
0.81134
0.81063
0.8121
0.81534
0.81909
0.8214
0.82013
0.81706
0.81366
0.81223
0.81219
0.81319
0.81359
0.81213
0.81028
0.80883
0.80985
0.81253
0.81626
0.82055
0.82484
0.82729
0.82585
0.82233
0.81854
0.81626
0.81431
0.81413
0.8162
0.81523
0.81387
0.81261
0.81277
0.81454
0.81702
0.81835
0.817
0.81476
0.81235
0.8124
0.81469
0.81838
0.82277
0.8275
0.83201
0.83406
0.83203
0.82774
0.82371
0.82126
0.82137
0.82355
0.82295
0.82183
0.82028
0.81857
0.81681
0.81602
0.81799
0.81734
0.81623
0.81512
0.81479
0.81547
0.81635
0.81565
0.81447
0.81254
0.81209
0.81377
0.81671
0.82005
0.82246
0.82182
0.81982
0.81681
0.81521
0.81587
0.8188
0.82291
0.82755
0.83253
0.83772
0.84288
0.84676
0.84614
0.842
0.83662
0.833
0.83321
0.83455
0.83356
0.83293
0.83188
0.83014
0.8296
0.83138
0.83127
0.83021
0.82946
0.82786
0.82634
0.82748
0.82864
0.8275
0.82682
0.8255
0.82374
0.82309
0.82498
0.82486
0.82381
0.82285
0.82132
0.81961
0.8197
0.82134
0.82041
0.81958
0.81848
0.81728
0.81583
0.81492
0.81608
0.81506
0.8145
0.81439
0.81496
0.81578
0.81549
0.8143
0.81307
0.81186
0.81288
0.81519
0.81774
0.81901
0.81783
0.81623
0.81388
0.81336
0.81537
0.81864
0.82152
0.82179
0.82012
0.81736
0.81511
0.81471
0.81676
0.82049
0.82485
0.82942
0.83328
0.83367
0.83084
0.8264
0.82311
0.82147
0.82313
0.82416
0.82299
0.82194
0.82031
0.81861
0.81727
0.81891
0.81953
0.81834
0.81718
0.81597
0.81529
0.81481
0.81354
0.81323
0.8122
0.81188
0.8129
0.81503
0.81769
0.81979
0.81939
0.81781
0.81526
0.81394
0.81502
0.818
0.82176
0.82532
0.82659
0.82487
0.82164
0.81872
0.81706
0.81584
0.81447
0.81375
0.81403
0.81304
0.81293
0.81433
0.81707
0.82061
0.82457
0.82834
0.82986
0.82806
0.8245
0.82133
0.81939
0.81771
0.81864
0.8198
0.81863
0.81738
0.81645
0.81685
0.81844
0.82019
0.82007
0.81861
0.81631
0.81528
0.81654
0.81937
0.823
0.82685
0.82972
0.82925
0.8267
0.82316
0.8209
0.81927
0.81765
0.8186
0.81917
0.81797
0.81688
0.81691
0.81863
0.82141
0.82433
0.82558
0.82417
0.8216
0.81915
0.81864
0.82003
0.8229
0.82617
0.82818
0.82705
0.82438
0.82141
0.82017
0.8202
0.82126
0.82191
0.82068
0.81903
0.81744
0.8181
0.82033
0.82357
0.82738
0.83143
0.83487
0.83522
0.8328
0.82895
0.82614
0.82426
0.82435
0.82634
0.82569
0.82457
0.8231
0.82199
0.82145
0.82098
0.81969
0.81945
0.81829
0.81842
0.81982
0.82225
0.82516
0.82755
0.82743
0.82575
0.82305
0.8214
0.82176
0.82413
0.82765
0.83167
0.83578
0.8388
0.83819
0.83509
0.83111
0.82852
0.82726
0.82899
0.82955
0.82845
0.82738
0.82594
0.82453
0.82304
0.82382
0.82439
0.82333
0.82252
0.82215
0.82273
0.82381
0.82403
0.82282
0.82145
0.82008
0.82087
0.82312
0.82601
0.82852
0.82875
0.82724
0.82473
0.82282
0.82283
0.82498
0.82842
0.8324
0.83656
0.84014
0.84064
0.83813
0.83407
0.83101
0.82942
0.83083
0.83187
0.83081
0.82987
0.82839
0.82684
0.82554
0.82691
0.82759
0.82651
0.82547
0.82437
0.82378
0.82341
0.82233
0.8219
0.82098
0.8206
0.82153
0.82346
0.8259
0.82785
0.82755
0.82612
0.82379
0.82251
0.82343
0.82612
0.82954
0.83279
0.83396
0.83239
0.82945
0.82678
0.82527
0.8242
0.82307
0.8221
0.82237
0.82145
0.82142
0.82271
0.82522
0.82846
0.83212
0.83578
0.83793
0.83673
0.83368
0.83038
0.82836
0.82682
0.82785
0.82902
0.82796
0.82681
0.82563
0.82526
0.82575
0.82631
0.8254
0.82438
0.82276
0.82289
0.8246
0.82728
0.83036
0.83291
0.83294
0.8312
0.8284
0.82653
0.82615
0.82746
0.82997
0.83225
0.83205
0.83016
0.82735
0.82607
0.82644
0.82814
0.83029
0.83106
0.82973
0.82751
0.82574
0.82603
0.82803
0.8311
0.83467
0.83826
0.84039
0.83923
0.83622
0.83296
0.83098
0.82948
0.8305
0.83156
0.83052
0.82943
0.82832
0.82796
0.82833
0.82859
0.82751
0.8266
0.82521
0.82562
0.82741
0.83004
0.8329
0.83484
0.83413
0.83226
0.82967
0.82839
0.82882
0.83105
0.83421
0.83742
0.83892
0.83749
0.83453
0.8318
0.83037
0.8292
0.82782
0.82852
0.82805
0.82733
0.8273
0.82849
0.83066
0.83314
0.83461
0.83366
0.83181
0.82951
0.82888
0.83017
0.83293
0.8364
0.84023
0.84421
0.84762
0.84806
0.84557
0.84162
0.83863
0.83733
0.83881
0.83932
0.83833
0.83753
0.83619
0.83471
0.83429
0.83597
0.83571
0.83482
0.8338
0.83261
0.83136
0.8302
0.83135
0.83101
0.83022
0.82972
0.82981
0.83057
0.83122
0.83043
0.82957
0.82801
0.8278
0.82927
0.8316
0.83392
0.83476
0.83361
0.8318
0.82981
0.82952
0.8313
0.83428
0.83744
0.83942
0.83853
0.83625
0.83345
0.83179
0.83078
0.83013
0.82912
0.82863
0.82788
0.82753
0.82834
0.83032
0.83312
0.83646
0.84015
0.84408
0.84805
0.85111
0.85077
0.84778
0.84376
0.84101
0.84068
0.84217
0.84179
0.84102
0.84016
0.83876
0.8376
0.8387
0.83958
0.83863
0.83795
0.83676
0.83535
0.8345
0.83599
0.83611
0.83519
0.83434
0.83326
0.83214
0.83087
0.83161
0.83158
0.83077
0.83036
0.83045
0.83114
0.83173
0.83098
0.83019
0.82874
0.82845
0.82981
0.83198
0.83409
0.83468
0.83354
0.83183
0.83003
0.83
0.83194
0.8348
0.83744
0.83804
0.83662
0.83416
0.83205
0.83114
0.83162
0.8336
0.83592
0.83653
0.83504
0.83247
0.83082
0.83081
0.83201
0.83379
0.83459
0.83347
0.83167
0.83
0.83027
0.83214
0.83498
0.83834
0.84201
0.84585
0.84945
0.85094
0.84913
0.84545
0.84209
0.84037
0.84142
0.84222
0.8413
0.84069
0.83951
0.8381
0.83774
0.8393
0.83917
0.83833
0.83744
0.83617
0.83481
0.83475
0.83616
0.83552
0.83477
0.83383
0.83296
0.83208
0.83087
0.83134
0.83085
0.83031
0.83043
0.83129
0.83265
0.83358
0.83283
0.83184
0.83016
0.82985
0.83133
0.83368
0.83592
0.83651
0.83533
0.83342
0.83158
0.83132
0.83302
0.83591
0.83909
0.84154
0.8413
0.83928
0.83635
0.83438
0.83295
0.83173
0.83303
0.83345
0.8324
0.83124
0.83085
0.83193
0.83406
0.83645
0.83766
0.83659
0.83455
0.83245
0.83195
0.833
0.83526
0.83788
0.83944
0.83849
0.83632
0.83395
0.83304
0.8333
0.83453
0.8356
0.83484
0.83344
0.83164
0.83163
0.83315
0.83568
0.83878
0.84223
0.84593
0.84981
0.85379
0.85766
0.86012
0.85897
0.85537
0.85128
0.84893
0.84967
0.85011
0.84919
0.84889
0.84796
0.84671
0.8471
0.84811
0.84741
0.84692
0.84622
0.84493
0.84447
0.84575
0.84569
0.84489
0.84438
0.84321
0.84209
0.84295
0.84375
0.84288
0.84241
0.84145
0.84013
0.83983
0.84121
0.84097
0.84023
0.83952
0.83832
0.8371
0.83771
0.83868
0.83785
0.83727
0.83633
0.83518
0.834
0.83479
0.8352
0.83434
0.83378
0.83317
0.83272
0.83198
0.83109
0.83127
0.83039
0.83046
0.83125
0.83253
0.83363
0.8333
0.8324
0.83097
0.83012
0.83111
0.83316
0.83516
0.83572
0.83467
0.83308
0.83138
0.83122
0.83295
0.83559
0.83793
0.83823
0.83686
0.83457
0.83272
0.83199
0.83268
0.83479
0.83725
0.83838
0.83717
0.83477
0.83271
0.83207
0.83232
0.83301
0.83274
0.83175
0.8303
0.82986
0.83097
0.83308
0.83575
0.83854
0.84038
0.83967
0.83768
0.83516
0.83374
0.83304
0.83285
0.83241
0.83151
0.83066
0.83019
0.83098
0.83277
0.83527
0.83823
0.84144
0.84445
0.84564
0.84414
0.84119
0.83857
0.83693
0.8366
0.83822
0.83801
0.83715
0.83606
0.83499
0.83414
0.83309
0.83262
0.83301
0.83222
0.83201
0.83259
0.83407
0.83593
0.83717
0.8365
0.8352
0.83333
0.83281
0.83405
0.83646
0.83932
0.84198
0.84282
0.84144
0.83891
0.83673
0.83545
0.8343
0.83318
0.83419
0.83381
0.833
0.83265
0.83359
0.83558
0.83812
0.84064
0.84177
0.84064
0.83841
0.83628
0.83536
0.83533
0.83607
0.83638
0.83537
0.83399
0.83303
0.83373
0.83553
0.83806
0.84104
0.84431
0.84778
0.85128
0.85404
0.85385
0.85125
0.84767
0.84517
0.84488
0.84613
0.84575
0.84511
0.84439
0.84318
0.84224
0.84331
0.84392
0.84308
0.84252
0.84147
0.84022
0.83984
0.84121
0.84103
0.84029
0.83951
0.83845
0.83726
0.83686
0.83806
0.83751
0.83687
0.83622
0.83577
0.83549
0.83474
0.8342
0.83381
0.8332
0.83367
0.83486
0.8364
0.83745
0.83686
0.83591
0.83431
0.83376
0.83496
0.83711
0.8392
0.83979
0.83873
0.83699
0.83527
0.83489
0.83626
0.83882
0.84176
0.84438
0.84494
0.84337
0.84066
0.83851
0.83708
0.83626
0.83778
0.83807
0.83713
0.83598
0.83512
0.8352
0.83619
0.8373
0.83699
0.83589
0.83419
0.83376
0.83488
0.83702
0.83972
0.84269
0.84547
0.8465
0.8451
0.8424
0.84003
0.83852
0.83779
0.8393
0.83945
0.83857
0.83753
0.8366
0.83624
0.83629
0.83594
0.83511
0.83431
0.83374
0.83447
0.83611
0.83831
0.84059
0.84183
0.84096
0.83924
0.83724
0.83645
0.83705
0.83897
0.84146
0.84357
0.84352
0.84187
0.83939
0.83792
0.83732
0.83716
0.83672
0.83591
0.8352
0.83469
0.83537
0.83696
0.83918
0.84166
0.84365
0.84354
0.84204
0.83974
0.8383
0.83788
0.83852
0.83983
0.84026
0.8392
0.83749
0.83644
0.837
0.8387
0.84109
0.84377
0.84608
0.84631
0.84473
0.84218
0.8404
0.83933
0.83825
0.83762
0.83845
0.83771
0.83716
0.83728
0.8385
0.84044
0.84252
0.84358
0.84268
0.84099
0.83915
0.83866
0.83961
0.8417
0.84428
0.84659
0.84697
0.84547
0.84296
0.84119
0.84023
0.83937
0.83833
0.83883
0.83822
0.83782
0.83813
0.83943
0.84139
0.84349
0.84464
0.84381
0.84218
0.8403
0.8397
0.84054
0.84257
0.84514
0.84757
0.8483
0.84695
0.84448
0.84253
0.84146
0.84046
0.83955
0.84035
0.83974
0.83921
0.83925
0.8403
0.84208
0.84399
0.84488
0.84396
0.84236
0.84067
0.8404
0.84162
0.84389
0.84666
0.84967
0.85261
0.85424
0.85315
0.85048
0.84774
0.84606
0.84598
0.84731
0.84696
0.84628
0.84538
0.84428
0.84314
0.84303
0.84422
0.84365
0.84298
0.84221
0.84172
0.84154
0.84111
0.84029
0.83999
0.83925
0.83962
0.8408
0.84248
0.84406
0.84433
0.84337
0.84186
0.84058
0.84085
0.84259
0.84497
0.84722
0.84793
0.8468
0.84476
0.84293
0.84204
0.84202
0.843
0.84403
0.84347
0.84214
0.84053
0.84049
0.84165
0.84362
0.84595
0.84792
0.84796
0.84654
0.84431
0.84289
0.84246
0.84291
0.84382
0.84373
0.84272
0.84119
0.84073
0.84167
0.84355
0.84599
0.84878
0.85181
0.85493
0.85767
0.85821
0.85633
0.8532
0.85073
0.84974
0.85088
0.85113
0.85038
0.84982
0.84879
0.84767
0.84782
0.84899
0.84853
0.84793
0.84711
0.84605
0.84497
0.84538
0.84626
0.84554
0.84495
0.84419
0.84353
0.84279
0.84188
0.84236
0.84173
0.84144
0.8417
0.84257
0.8437
0.84421
0.84341
0.8425
0.8412
0.8413
0.84274
0.84471
0.84635
0.84632
0.84527
0.84356
0.84231
0.84248
0.84419
0.84665
0.84918
0.85067
0.84988
0.84792
0.84567
0.8443
0.84315
0.84234
0.84361
0.84347
0.8426
0.84176
0.84186
0.84314
0.84511
0.84714
0.84799
0.84699
0.84515
0.84345
0.84299
0.84367
0.84528
0.8469
0.84699
0.84579
0.84387
0.84285
0.8432
0.84466
0.84671
0.84857
0.8487
0.84742
0.84534
0.84405
0.8439
0.84479
0.84626
0.84702
0.84615
0.84464
0.84324
0.84334
0.84467
0.84679
0.84928
0.85165
0.85256
0.85138
0.84909
0.8471
0.84594
0.84484
0.84455
0.84552
0.84485
0.84417
0.84384
0.84448
0.84591
0.8475
0.84808
0.84716
0.84565
0.84429
0.84438
0.84582
0.84808
0.85073
0.85359
0.85639
0.85803
0.85708
0.85459
0.85194
0.85031
0.85032
0.85156
0.85121
0.85058
0.84972
0.84865
0.84759
0.84787
0.84893
0.84832
0.84767
0.84682
0.84611
0.84547
0.84452
0.84469
0.84435
0.8439
0.84406
0.8449
0.84623
0.8474
0.84725
0.84636
0.84493
0.84412
0.84487
0.84669
0.84885
0.8505
0.85026
0.849
0.84706
0.84583
0.84567
0.84683
0.8489
0.85104
0.85188
0.85077
0.84866
0.84691
0.84618
0.84592
0.84567
0.84482
0.84445
0.84369
0.844
0.84516
0.84696
0.84908
0.85095
0.8512
0.85004
0.8481
0.84668
0.84633
0.84711
0.84875
0.85024
0.85004
0.84874
0.84684
0.84606
0.84649
0.84789
0.84967
0.85072
0.84998
0.84848
0.84681
0.84642
0.84727
0.84906
0.85121
0.85279
0.85238
0.85084
0.84878
0.84773
0.84753
0.84802
0.84853
0.84784
0.8469
0.84573
0.84597
0.84726
0.84924
0.85164
0.85424
0.85664
0.85742
0.85612
0.8537
0.85166
0.85035
0.84997
0.85131
0.8512
0.85046
0.84954
0.84872
0.84826
0.8479
0.84706
0.84694
0.84624
0.84615
0.84687
0.8483
0.85011
0.85174
0.85191
0.8509
0.84922
0.848
0.8481
0.84953
0.85177
0.85438
0.85719
0.86008
0.86256
0.8629
0.86106
0.85813
0.85588
0.85512
0.8562
0.85628
0.85561
0.85508
0.85412
0.85312
0.85348
0.85444
0.85389
0.85338
0.85259
0.85159
0.85069
0.85142
0.85196
0.85125
0.8507
0.84995
0.84922
0.8483
0.8481
0.84855
0.84788
0.84761
0.84769
0.84826
0.84896
0.84886
0.84812
0.84717
0.84643
0.84708
0.84858
0.85026
0.85121
0.85057
0.84951
0.84799
0.84744
0.84839
0.85037
0.85252
0.85382
0.85316
0.85164
0.84975
0.84867
0.84833
0.84896
0.85014
0.8504
0.84939
0.84777
0.84701
0.84756
0.84899
0.85091
0.85272
0.85312
0.85205
0.8502
0.84882
0.84853
0.84928
0.85078
0.85204
0.85167
0.85043
0.84871
0.84817
0.84883
0.85043
0.85243
0.85407
0.85393
0.85261
0.85064
0.84954
0.84937
0.85007
0.85111
0.85114
0.8502
0.84873
0.84812
0.84883
0.85046
0.85264
0.85513
0.85777
0.86019
0.86096
0.85958
0.85704
0.85491
0.85366
0.85415
0.85509
0.85451
0.85393
0.85305
0.85209
0.85111
0.85144
0.85223
0.85157
0.85097
0.85033
0.85005
0.85005
0.84972
0.84903
0.84855
0.84796
0.84844
0.84964
0.85122
0.85262
0.8527
0.85181
0.85037
0.8493
0.84961
0.85118
0.85334
0.85547
0.85644
0.85554
0.85374
0.85193
0.85091
0.85025
0.8497
0.84884
0.84889
0.84826
0.8482
0.84894
0.85048
0.85252
0.85489
0.85743
0.8598
0.86069
0.85946
0.85707
0.85499
0.85371
0.85378
0.85495
0.85457
0.85394
0.85308
0.85219
0.85128
0.85056
0.85147
0.85118
0.8506
0.85015
0.85025
0.85097
0.85182
0.85176
0.85099
0.84983
0.84916
0.84986
0.85145
0.85338
0.85499
0.85502
0.85396
0.85224
0.85103
0.85087
0.85196
0.85393
0.85615
0.85783
0.8575
0.85589
0.85375
0.85249
0.85161
0.85065
0.85107
0.85114
0.85052
0.85014
0.85044
0.85153
0.85298
0.85401
0.85352
0.85248
0.85098
0.85053
0.85141
0.85324
0.8555
0.85791
0.85992
0.86002
0.85853
0.85623
0.85458
0.85346
0.85354
0.85474
0.85434
0.85363
0.85271
0.85205
0.85179
0.8517
0.85103
0.85066
0.84988
0.84986
0.85069
0.85218
0.854
0.85569
0.85609
0.85513
0.8535
0.85217
0.85191
0.85282
0.85462
0.85668
0.85808
0.85754
0.85594
0.854
0.85301
0.85254
0.85219
0.8514
0.85126
0.85058
0.85057
0.85132
0.85276
0.8546
0.85646
0.85735
0.85656
0.85502
0.85342
0.8528
0.85316
0.85447
0.85601
0.85648
0.85552
0.85386
0.85269
0.85271
0.85371
0.85528
0.85664
0.85648
0.85537
0.85368
0.85289
0.85325
0.85462
0.8565
0.85822
0.85847
0.85734
0.85547
0.8542
0.85382
0.85417
0.85487
0.85475
0.85393
0.85269
0.85232
0.85312
0.85471
0.85677
0.85911
0.86155
0.86361
0.86378
0.86224
0.85985
0.85811
0.85709
0.85777
0.85855
0.85794
0.85733
0.85644
0.85558
0.85467
0.85447
0.8553
0.85472
0.85419
0.85382
0.85406
0.85482
0.85549
0.85506
0.85433
0.85314
0.85291
0.85388
0.85554
0.85739
0.85868
0.85828
0.85712
0.85544
0.85452
0.85464
0.85594
0.8579
0.85993
0.86093
0.86005
0.85819
0.85643
0.85552
0.85481
0.85392
0.8542
0.85396
0.8535
0.8535
0.85426
0.85564
0.85722
0.8582
0.85762
0.85646
0.85497
0.8545
0.85526
0.85699
0.85918
0.86161
0.86414
0.86632
0.86664
0.86508
0.86256
0.86063
0.85976
0.86068
0.86104
0.86039
0.85988
0.85903
0.85807
0.85775
0.85882
0.85869
0.8581
0.85745
0.85669
0.8559
0.85511
0.85579
0.85561
0.85509
0.85478
0.85484
0.85534
0.85581
0.85535
0.85477
0.85376
0.85354
0.85444
0.85591
0.85742
0.85805
0.85732
0.85619
0.85487
0.85459
0.85564
0.85753
0.85958
0.86101
0.86059
0.85919
0.85733
0.85617
0.85542
0.85479
0.85395
0.85414
0.85369
0.85337
0.85373
0.85493
0.85669
0.8588
0.86109
0.86326
0.86415
0.8631
0.86098
0.85908
0.85789
0.85755
0.85871
0.85862
0.85798
0.8572
0.85644
0.85587
0.85521
0.85462
0.85491
0.85433
0.85421
0.85468
0.85578
0.85717
0.85817
0.85778
0.85686
0.85546
0.85493
0.85568
0.85736
0.85943
0.86147
0.86251
0.86171
0.85998
0.85819
0.85712
0.85618
0.85565
0.8567
0.85636
0.85567
0.85509
0.85536
0.8565
0.8581
0.85954
0.85962
0.85863
0.85702
0.85602
0.85609
0.85719
0.8589
0.86057
0.86099
0.85999
0.85825
0.85697
0.85661
0.85696
0.85773
0.85784
0.85706
0.85589
0.85528
0.85588
0.85729
0.8592
0.8614
0.86375
0.86594
0.86679
0.86567
0.86346
0.8615
0.86033
0.86058
0.86155
0.86112
0.86058
0.85979
0.85893
0.85803
0.85799
0.85888
0.85838
0.85784
0.85725
0.85703
0.85719
0.85727
0.85661
0.85616
0.85534
0.85552
0.85651
0.85798
0.85948
0.86015
0.85946
0.85831
0.85699
0.85668
0.85761
0.85941
0.86155
0.86365
0.86475
0.86396
0.86214
0.86027
0.8591
0.85827
0.85906
0.85968
0.85904
0.85828
0.8575
0.85723
0.85752
0.85798
0.85761
0.85693
0.85589
0.85578
0.85668
0.85822
0.8601
0.86198
0.86298
0.86227
0.86073
0.85909
0.85822
0.8578
0.85771
0.8573
0.85675
0.85605
0.85588
0.85654
0.85788
0.85967
0.86175
0.86399
0.86604
0.86665
0.86548
0.86335
0.8616
0.86049
0.86053
0.86159
0.86126
0.86068
0.85989
0.85914
0.85845
0.85763
0.85793
0.85791
0.85739
0.85718
0.85754
0.85849
0.85963
0.8601
0.85941
0.85841
0.85732
0.85741
0.8586
0.86038
0.86226
0.86348
0.86299
0.86167
0.85998
0.85901
0.85859
0.85873
0.85905
0.85849
0.85773
0.85683
0.85706
0.85809
0.85969
0.86165
0.86379
0.86583
0.86667
0.86569
0.86372
0.86194
0.86083
0.86032
0.86139
0.86145
0.86082
0.86009
0.85942
0.85905
0.85882
0.85819
0.85796
0.85739
0.85723
0.8578
0.85896
0.86046
0.86181
0.86201
0.86118
0.85981
0.85877
0.85882
0.86
0.86187
0.86404
0.86639
0.86883
0.87115
0.87223
0.87115
0.8688
0.86656
0.86542
0.86607
0.86648
0.86589
0.86555
0.86483
0.86395
0.86395
0.86485
0.86459
0.86412
0.86357
0.86273
0.86196
0.86252
0.8631
0.86253
0.8621
0.86141
0.86061
0.85986
0.86046
0.86072
0.86014
0.8597
0.85925
0.85895
0.85855
0.85786
0.85795
0.85735
0.85735
0.8579
0.85884
0.85978
0.85992
0.85925
0.85834
0.85747
0.8578
0.85909
0.86063
0.86163
0.8612
0.86027
0.8589
0.85819
0.85863
0.86017
0.86214
0.86405
0.86487
0.86403
0.86232
0.86068
0.85966
0.85876
0.85889
0.85983
0.85931
0.85859
0.85793
0.85806
0.85902
0.86039
0.86146
0.86112
0.8601
0.85866
0.85813
0.85865
0.86004
0.86186
0.86366
0.86448
0.86366
0.86199
0.86044
0.85964
0.85904
0.85827
0.85826
0.85814
0.85771
0.85774
0.85847
0.85979
0.86137
0.86266
0.86256
0.86159
0.86008
0.8592
0.85929
0.86037
0.86202
0.86367
0.86421
0.8633
0.86165
0.86033
0.85981
0.85977
0.85992
0.85942
0.8589
0.85806
0.85813
0.859
0.86044
0.86221
0.86406
0.86527
0.8648
0.86345
0.86177
0.8608
0.86024
0.8598
0.85907
0.85907
0.85856
0.85843
0.85896
0.86015
0.86179
0.86366
0.86541
0.86599
0.86507
0.86337
0.86192
0.86112
0.86043
0.85964
0.86003
0.85978
0.85933
0.85929
0.86002
0.86135
0.86297
0.86439
0.8645
0.86355
0.86201
0.86097
0.8608
0.86151
0.86281
0.86386
0.86352
0.86245
0.86102
0.86055
0.86104
0.86227
0.86378
0.86474
0.86422
0.86302
0.86159
0.86109
0.86149
0.86265
0.86403
0.8646
0.86385
0.8625
0.86134
0.86122
0.86201
0.86341
0.86486
0.8653
0.86447
0.863
0.86187
0.86168
0.86234
0.86358
0.86464
0.86439
0.86342
0.86201
0.86149
0.86198
0.86326
0.86494
0.86647
0.86672
0.86575
0.86411
0.86295
0.86253
0.86264
0.86299
0.86263
0.862
0.86106
0.86102
0.86185
0.86327
0.86505
0.86702
0.86889
0.86961
0.86869
0.8669
0.8653
0.86429
0.8636
0.86444
0.86476
0.86415
0.86346
0.86288
0.86282
0.86324
0.86362
0.86309
0.86245
0.86152
0.86163
0.8626
0.8641
0.86582
0.86731
0.86749
0.86654
0.86496
0.86381
0.86334
0.86352
0.86423
0.86452
0.86382
0.86273
0.86204
0.86246
0.86362
0.86525
0.86712
0.8689
0.86958
0.86869
0.86698
0.86548
0.86459
0.86375
0.86368
0.8644
0.86388
0.86333
0.86301
0.86341
0.86443
0.86558
0.86598
0.86529
0.86416
0.86317
0.86328
0.86437
0.86606
0.86803
0.87015
0.87221
0.87327
0.87244
0.87052
0.86861
0.86746
0.86756
0.86846
0.86814
0.86766
0.86699
0.86619
0.86539
0.86558
0.86635
0.86588
0.86539
0.86477
0.86431
0.86399
0.86341
0.86314
0.86292
0.86255
0.86278
0.86354
0.86466
0.86569
0.86575
0.86506
0.86397
0.86317
0.86351
0.86479
0.86647
0.86799
0.86833
0.86748
0.86601
0.86479
0.86423
0.86436
0.86519
0.86599
0.86561
0.86463
0.86342
0.8633
0.86404
0.86538
0.86696
0.86814
0.86787
0.86679
0.86528
0.8645
0.86448
0.86521
0.86625
0.86653
0.86579
0.86455
0.86376
0.86406
0.86517
0.86678
0.86856
0.87
0.86992
0.86876
0.86705
0.86596
0.86529
0.8646
0.86412
0.86456
0.86405
0.86377
0.86401
0.86494
0.86631
0.86774
0.8684
0.86775
0.86655
0.86531
0.86497
0.86556
0.86693
0.86858
0.86985
0.86961
0.86843
0.86682
0.86594
0.8656
0.86557
0.86531
0.86476
0.86419
0.86387
0.86436
0.86547
0.86698
0.86867
0.87009
0.87017
0.86918
0.86761
0.86652
0.86603
0.86601
0.86623
0.86581
0.86523
0.8644
0.86447
0.86529
0.86666
0.86838
0.87033
0.87243
0.87455
0.87619
0.876
0.8744
0.87226
0.8708
0.87048
0.87136
0.87127
0.87079
0.87029
0.86952
0.86877
0.86907
0.86979
0.86935
0.86892
0.86829
0.86758
0.86682
0.86697
0.86754
0.86702
0.86661
0.8662
0.86604
0.86603
0.86565
0.86523
0.86478
0.86442
0.86486
0.8658
0.86694
0.86774
0.8674
0.8667
0.86558
0.86511
0.86578
0.86719
0.86875
0.86967
0.86917
0.8681
0.86673
0.866
0.86606
0.86709
0.86866
0.8701
0.87027
0.86927
0.86764
0.86659
0.86616
0.86602
0.8657
0.86518
0.86477
0.8644
0.86479
0.86578
0.86716
0.86869
0.8698
0.8695
0.8685
0.86708
0.86632
0.86635
0.86724
0.86858
0.86959
0.86922
0.86812
0.86673
0.86623
0.86652
0.86745
0.86847
0.86858
0.86782
0.86659
0.8659
0.86625
0.86741
0.86904
0.87088
0.87263
0.87333
0.87247
0.87077
0.86925
0.86831
0.86766
0.86843
0.86866
0.8681
0.8675
0.86701
0.86695
0.86726
0.86737
0.86678
0.86619
0.86553
0.86585
0.86686
0.86827
0.86975
0.87063
0.87013
0.86906
0.86774
0.86713
0.86737
0.86849
0.87003
0.87133
0.87128
0.87024
0.86867
0.86777
0.86748
0.86756
0.86757
0.86697
0.86643
0.86586
0.86621
0.8672
0.86862
0.87026
0.87175
0.87211
0.87126
0.86977
0.86858
0.868
0.86781
0.86786
0.86742
0.86695
0.86624
0.86629
0.86703
0.8683
0.86992
0.87177
0.87372
0.87543
0.87575
0.87462
0.87272
0.87125
0.87037
0.87076
0.87148
0.87103
0.87056
0.86986
0.86917
0.86844
0.8682
0.8689
0.86848
0.86805
0.86771
0.86783
0.86836
0.86887
0.86854
0.86797
0.86705
0.86685
0.8676
0.8689
0.87035
0.87133
0.87098
0.87006
0.86875
0.86806
0.86825
0.86939
0.87104
0.87285
0.8743
0.87423
0.87301
0.87124
0.87008
0.86923
0.86905
0.86991
0.86959
0.86908
0.86852
0.86825
0.86842
0.86872
0.86842
0.86792
0.86713
0.86695
0.86762
0.86883
0.87025
0.87142
0.8714
0.8706
0.8693
0.86843
0.86841
0.86936
0.87091
0.87266
0.87415
0.87423
0.87312
0.8714
0.87023
0.86942
0.86883
0.86959
0.86955
0.86903
0.86852
0.86836
0.86875
0.86946
0.86978
0.86921
0.86846
0.86763
0.86783
0.86885
0.87031
0.87187
0.87291
0.87254
0.87147
0.87006
0.86926
0.86904
0.86947
0.87022
0.87023
0.8695
0.86838
0.86798
0.86852
0.86968
0.8712
0.87281
0.87386
0.87342
0.8722
0.87071
0.8699
0.86944
0.86905
0.86841
0.86844
0.86796
0.8679
0.86841
0.86949
0.87093
0.87248
0.87361
0.87334
0.87229
0.87084
0.87001
0.86974
0.86999
0.87039
0.87002
0.86936
0.86847
0.86852
0.86933
0.87066
0.8723
0.87415
0.87614
0.87816
0.87979
0.87975
0.8783
0.87624
0.87478
0.87443
0.87523
0.87515
0.8747
0.87427
0.87356
0.87287
0.87325
0.87386
0.87341
0.87304
0.87245
0.87174
0.8711
0.87165
0.87196
0.87146
0.87105
0.87054
0.8701
0.86954
0.86913
0.86941
0.86894
0.86882
0.86904
0.86964
0.87033
0.87044
0.86987
0.86917
0.86846
0.86877
0.86982
0.8711
0.87199
0.87169
0.87094
0.86978
0.86915
0.86953
0.87082
0.87246
0.874
0.8745
0.8737
0.87224
0.87096
0.87017
0.86944
0.86896
0.86975
0.86945
0.8689
0.86853
0.86894
0.87003
0.87147
0.87292
0.87358
0.87292
0.87164
0.8704
0.86987
0.86986
0.8703
0.87049
0.8699
0.8691
0.86851
0.86889
0.86992
0.87138
0.87309
0.87497
0.87695
0.87883
0.87969
0.87882
0.87694
0.87516
0.87419
0.87465
0.87515
0.87468
0.87434
0.87374
0.873
0.87266
0.87346
0.87351
0.87303
0.87258
0.87193
0.87121
0.87092
0.87168
0.87147
0.87105
0.87059
0.87019
0.86989
0.86938
0.86908
0.86901
0.86861
0.86873
0.86929
0.87013
0.87087
0.87075
0.87018
0.86928
0.86874
0.86923
0.87042
0.87174
0.87252
0.87207
0.87119
0.87001
0.86946
0.86983
0.87111
0.8728
0.87465
0.87646
0.87745
0.87678
0.87514
0.87346
0.87242
0.87238
0.87324
0.87305
0.8726
0.872
0.8713
0.87057
0.87046
0.87125
0.87095
0.8705
0.86996
0.86961
0.86952
0.86941
0.86885
0.86864
0.86807
0.86819
0.86888
0.86996
0.87112
0.87174
0.87124
0.8704
0.86934
0.86905
0.86976
0.87115
0.8728
0.87436
0.87495
0.87418
0.87272
0.87139
0.87056
0.86982
0.87008
0.87073
0.87025
0.86965
0.86917
0.86933
0.87014
0.87121
0.87182
0.87131
0.87038
0.86934
0.8692
0.86994
0.87128
0.87292
0.87467
0.87611
0.87615
0.87502
0.87331
0.87213
0.87132
0.87147
0.87222
0.87184
0.87137
0.87076
0.87031
0.87004
0.86966
0.86918
0.86911
0.86868
0.86882
0.86947
0.87051
0.87165
0.87227
0.87178
0.87094
0.86988
0.86961
0.87031
0.87168
0.87333
0.87501
0.87609
0.87564
0.87432
0.87277
0.87179
0.87106
0.87148
0.87214
0.87167
0.87111
0.87047
0.87018
0.87031
0.87061
0.87035
0.86984
0.86906
0.86893
0.86959
0.87075
0.87219
0.87362
0.87433
0.87375
0.87257
0.87133
0.87071
0.87058
0.87094
0.87126
0.87076
0.87003
0.86931
0.86955
0.87044
0.87177
0.87336
0.87509
0.8767
0.87724
0.87637
0.87473
0.87335
0.87247
0.8723
0.87316
0.87301
0.87253
0.87193
0.87138
0.87096
0.87047
0.87004
0.8702
0.86976
0.86971
0.87012
0.87099
0.87205
0.87277
0.87241
0.87168
0.87062
0.87027
0.87089
0.87218
0.87376
0.8753
0.87603
0.87538
0.87403
0.87269
0.87188
0.87116
0.8709
0.87169
0.87136
0.87083
0.87038
0.87058
0.87143
0.87261
0.8736
0.87348
0.87269
0.87148
0.87086
0.87109
0.87207
0.87346
0.87483
0.87532
0.8746
0.87325
0.87213
0.87164
0.87148
0.87143
0.87092
0.8706
0.87003
0.87015
0.87087
0.87203
0.87345
0.87491
0.87578
0.8753
0.87416
0.87285
0.87215
0.87182
0.87176
0.8715
0.87104
0.8705
0.87031
0.87079
0.87179
0.87315
0.87473
0.87642
0.87782
0.87788
0.87682
0.8752
0.87405
0.87325
0.87329
0.8741
0.8738
0.87332
0.8727
0.87226
0.87209
0.87197
0.87145
0.87125
0.87071
0.87075
0.87137
0.87241
0.87364
0.87466
0.8746
0.87388
0.87272
0.87199
0.8721
0.87306
0.87453
0.87619
0.87783
0.87867
0.878
0.8765
0.87502
0.8741
0.87367
0.87447
0.87453
0.87405
0.87352
0.87298
0.87257
0.87211
0.87161
0.87182
0.87138
0.87129
0.87161
0.87238
0.87336
0.87404
0.87371
0.87305
0.87204
0.87171
0.87233
0.87359
0.87507
0.87635
0.8765
0.87568
0.87433
0.87331
0.87276
0.87246
0.87223
0.87167
0.87147
0.87103
0.87119
0.8719
0.87306
0.87452
0.87618
0.87796
0.87973
0.88084
0.88034
0.87881
0.8771
0.87603
0.87599
0.87673
0.87652
0.87613
0.87562
0.87496
0.87431
0.87459
0.87518
0.87477
0.87438
0.87384
0.87332
0.87274
0.87233
0.87282
0.87244
0.87216
0.87208
0.87238
0.87294
0.87329
0.87286
0.87236
0.87156
0.87155
0.87234
0.87351
0.87461
0.87492
0.87433
0.87336
0.87244
0.87228
0.87306
0.87446
0.87608
0.87762
0.87829
0.87758
0.87613
0.87478
0.87392
0.87346
0.87426
0.87447
0.87397
0.87337
0.87279
0.87253
0.87257
0.87253
0.87201
0.87161
0.87112
0.8714
0.87223
0.87343
0.87478
0.87587
0.87581
0.875
0.87374
0.87294
0.87275
0.87324
0.87417
0.87479
0.87433
0.8734
0.87241
0.87232
0.87295
0.87408
0.87535
0.8761
0.87564
0.87462
0.87346
0.873
0.87318
0.87395
0.87479
0.87479
0.8741
0.87301
0.87253
0.8729
0.87392
0.87529
0.87675
0.87772
0.87734
0.87623
0.87487
0.87411
0.8736
0.87303
0.87277
0.87296
0.87254
0.87241
0.87278
0.87369
0.87488
0.87604
0.87639
0.87575
0.87465
0.87371
0.87352
0.87409
0.87525
0.87653
0.87718
0.87661
0.87546
0.87434
0.87391
0.87399
0.87443
0.87457
0.87404
0.8733
0.87278
0.87313
0.87409
0.87542
0.87696
0.87853
0.87962
0.8793
0.87811
0.87663
0.87569
0.87498
0.87521
0.87588
0.87548
0.87499
0.87442
0.87415
0.87428
0.87455
0.87429
0.87383
0.87311
0.87299
0.8736
0.87467
0.87599
0.87723
0.87765
0.87702
0.87587
0.87485
0.87444
0.87464
0.87545
0.87627
0.87616
0.87541
0.8743
0.87392
0.87431
0.87528
0.87652
0.87754
0.87744
0.87662
0.87539
0.87471
0.87469
0.87531
0.87623
0.87667
0.87613
0.87517
0.87433
0.87436
0.87512
0.87634
0.87774
0.87885
0.87875
0.87782
0.87647
0.87565
0.87525
0.87501
0.87459
0.87431
0.87396
0.87377
0.87413
0.87498
0.87619
0.87755
0.87871
0.87879
0.878
0.87672
0.87584
0.87548
0.87555
0.8759
0.87574
0.87519
0.87439
0.87427
0.87485
0.87593
0.87731
0.8789
0.88062
0.88242
0.88417
0.88519
0.88457
0.88292
0.88118
0.88018
0.8805
0.88094
0.88052
0.88027
0.87977
0.87912
0.87892
0.87961
0.87957
0.87917
0.8788
0.8782
0.87757
0.87777
0.87835
0.87798
0.87765
0.87717
0.8766
0.87598
0.87617
0.87656
0.87613
0.87582
0.8755
0.87532
0.87515
0.87465
0.87457
0.87415
0.87403
0.87441
0.87512
0.87589
0.87619
0.87571
0.87511
0.87433
0.87435
0.8752
0.87636
0.87728
0.87717
0.87654
0.87551
0.8748
0.87489
0.87587
0.8773
0.87882
0.87995
0.87974
0.87869
0.87726
0.87631
0.8756
0.87556
0.87639
0.87615
0.87564
0.87502
0.87471
0.87493
0.87552
0.87593
0.87549
0.87482
0.87403
0.87411
0.87491
0.87614
0.87761
0.87916
0.88042
0.88041
0.87941
0.87792
0.87688
0.87616
0.87619
0.87695
0.87667
0.87621
0.87563
0.87524
0.87516
0.87521
0.87487
0.87452
0.87395
0.87388
0.87443
0.87541
0.87662
0.87775
0.87804
0.87742
0.87635
0.87544
0.87521
0.87571
0.87682
0.87807
0.87877
0.87826
0.87715
0.87603
0.87557
0.87553
0.87578
0.8757
0.87521
0.87455
0.87427
0.87474
0.8757
0.87698
0.87839
0.8796
0.87972
0.87891
0.87759
0.87663
0.87607
0.87556
0.87499
0.87532
0.87503
0.87473
0.8748
0.87547
0.87655
0.87783
0.87898
0.87916
0.87844
0.87723
0.87635
0.87603
0.87622
0.87676
0.87691
0.87636
0.87553
0.87505
0.87542
0.87635
0.87764
0.87914
0.88072
0.88212
0.88236
0.88143
0.87988
0.8787
0.87796
0.8782
0.87883
0.87848
0.87808
0.87752
0.87699
0.87645
0.87597
0.87646
0.87621
0.87588
0.87571
0.87595
0.87656
0.87719
0.87715
0.87664
0.87584
0.87538
0.8758
0.87682
0.87808
0.87916
0.87926
0.87858
0.87745
0.87661
0.87636
0.8768
0.87783
0.8789
0.87912
0.87842
0.87723
0.87646
0.87636
0.87677
0.87742
0.87757
0.87703
0.87619
0.87565
0.87597
0.87692
0.87822
0.87972
0.88131
0.88271
0.88298
0.88206
0.88052
0.87932
0.87859
0.87892
0.87951
0.87914
0.87875
0.87818
0.87761
0.87701
0.87682
0.8774
0.87706
0.8767
0.8764
0.87647
0.8769
0.87732
0.87707
0.8766
0.87585
0.87566
0.87626
0.87731
0.8785
0.87936
0.87913
0.8784
0.87731
0.87669
0.87677
0.87763
0.87894
0.88035
0.88133
0.88101
0.87992
0.87858
0.87779
0.87717
0.87674
0.87734
0.87713
0.87674
0.87643
0.87653
0.8771
0.87785
0.87813
0.87763
0.8769
0.87619
0.87633
0.87719
0.87843
0.8798
0.88089
0.88081
0.87996
0.87868
0.87783
0.87731
0.87686
0.87629
0.8765
0.87621
0.87596
0.87612
0.87684
0.87795
0.87928
0.88061
0.88133
0.88082
0.87969
0.87851
0.87786
0.87737
0.8768
0.87679
0.87684
0.87646
0.87635
0.87676
0.87766
0.87881
0.87992
0.88026
0.87966
0.8786
0.8777
0.87745
0.87784
0.87875
0.87965
0.87968
0.879
0.8779
0.87733
0.87749
0.87825
0.8793
0.88011
0.87988
0.8791
0.87802
0.87757
0.87781
0.87866
0.87977
0.88056
0.88026
0.87941
0.87831
0.87786
0.87804
0.87877
0.87963
0.87985
0.87927
0.8783
0.87764
0.87779
0.87859
0.87979
0.88112
0.8821
0.88188
0.88094
0.87968
0.87894
0.87851
0.87811
0.87759
0.87776
0.87738
0.87727
0.87761
0.87842
0.87953
0.88069
0.88133
0.88089
0.87998
0.87894
0.87852
0.87871
0.87952
0.88051
0.88094
0.88038
0.87938
0.87854
0.87845
0.87897
0.87991
0.88078
0.88076
0.8801
0.87905
0.8785
0.87869
0.87953
0.88071
0.88186
0.88222
0.88158
0.88043
0.8795
0.87914
0.87918
0.87945
0.8793
0.87883
0.87813
0.87798
0.87851
0.87949
0.88076
0.88218
0.88354
0.88415
0.88353
0.88227
0.88108
0.88034
0.87976
0.88022
0.88059
0.88015
0.87967
0.87924
0.87922
0.87962
0.88008
0.87988
0.87938
0.8786
0.87842
0.87898
0.88002
0.88129
0.88257
0.88324
0.88275
0.8817
0.88058
0.87996
0.87959
0.87932
0.87881
0.87876
0.87836
0.87834
0.87878
0.87969
0.88089
0.88227
0.88363
0.8844
0.88391
0.88274
0.88151
0.88076
0.88013
0.8802
0.88079
0.88042
0.87998
0.87957
0.87959
0.88007
0.88072
0.88086
0.88035
0.87958
0.87903
0.87932
0.88022
0.88146
0.88283
0.88402
0.88419
0.88341
0.88213
0.88117
0.88054
0.87993
0.88012
0.88052
0.88009
0.87965
0.87945
0.87986
0.88072
0.88171
0.8822
0.88173
0.88088
0.87999
0.87982
0.88037
0.88145
0.88276
0.88398
0.88429
0.88358
0.88232
0.88133
0.88077
0.88023
0.87986
0.88029
0.87994
0.87965
0.87964
0.88016
0.88104
0.88199
0.88239
0.8819
0.88106
0.88023
0.88013
0.88078
0.88194
0.88335
0.88487
0.88636
0.88716
0.88658
0.8852
0.88381
0.88296
0.88294
0.8836
0.8834
0.88305
0.88258
0.88202
0.88143
0.88143
0.88201
0.88169
0.88134
0.88094
0.88067
0.88053
0.88023
0.87987
0.87971
0.87937
0.87956
0.88015
0.88099
0.88175
0.8818
0.8813
0.88051
0.8799
0.88012
0.88104
0.88225
0.88332
0.88351
0.88287
0.8818
0.88094
0.88057
0.88074
0.88145
0.88216
0.88199
0.88128
0.88029
0.88002
0.88041
0.88127
0.88229
0.88292
0.88253
0.88171
0.88074
0.88043
0.88079
0.88171
0.88285
0.88365
0.88336
0.8825
0.8814
0.8809
0.8809
0.88134
0.8818
0.88153
0.88096
0.88016
0.8801
0.88071
0.88176
0.88307
0.88454
0.88611
0.88766
0.8887
0.88831
0.88699
0.88544
0.88447
0.88449
0.88508
0.88484
0.88454
0.88412
0.88353
0.88306
0.88352
0.88386
0.88346
0.88314
0.88264
0.88209
0.8816
0.88207
0.88221
0.88182
0.88149
0.88115
0.88096
0.88072
0.88024
0.88026
0.87985
0.87983
0.88021
0.88089
0.88161
0.88187
0.88143
0.88083
0.88013
0.88017
0.88095
0.88205
0.88299
0.88305
0.88247
0.88151
0.88076
0.88064
0.8813
0.88251
0.88394
0.88548
0.88698
0.88787
0.88736
0.88598
0.88452
0.88364
0.88373
0.88429
0.88402
0.88372
0.88329
0.88271
0.88222
0.88265
0.88299
0.88259
0.88227
0.88179
0.8813
0.88075
0.88093
0.88117
0.88078
0.88052
0.88036
0.88045
0.88064
0.88045
0.88008
0.87961
0.87933
0.87973
0.88052
0.88141
0.88194
0.8816
0.88103
0.88019
0.87989
0.88043
0.88151
0.88269
0.88339
0.88303
0.88219
0.88115
0.88056
0.88044
0.88091
0.88173
0.88212
0.88161
0.88069
0.87997
0.88001
0.8806
0.88152
0.88236
0.88236
0.88175
0.88076
0.8802
0.88036
0.88114
0.88229
0.88349
0.88414
0.88367
0.88263
0.88156
0.88103
0.88074
0.88046
0.87999
0.87996
0.87958
0.87964
0.88013
0.88102
0.88213
0.88322
0.88369
0.88318
0.88222
0.88129
0.88092
0.88108
0.88174
0.88243
0.88233
0.88169
0.88075
0.88043
0.88081
0.88169
0.88282
0.88388
0.88413
0.8835
0.8824
0.88157
0.88126
0.88134
0.88167
0.88159
0.88112
0.88042
0.88022
0.88069
0.88161
0.8828
0.88417
0.88561
0.88688
0.88713
0.88629
0.88488
0.88379
0.88313
0.88342
0.88396
0.88362
0.88327
0.88275
0.88223
0.88168
0.88151
0.88204
0.88172
0.8814
0.88113
0.8812
0.88158
0.88195
0.88171
0.88129
0.8806
0.88045
0.88101
0.88197
0.88304
0.88378
0.88354
0.88286
0.88188
0.88135
0.88147
0.8823
0.88352
0.88485
0.88589
0.88578
0.88484
0.88355
0.88271
0.8821
0.88191
0.88254
0.8823
0.88193
0.88152
0.88139
0.8816
0.88195
0.88185
0.88142
0.8808
0.88052
0.88097
0.88186
0.88295
0.88393
0.88411
0.88353
0.88256
0.88178
0.88158
0.88203
0.88301
0.88411
0.88468
0.88419
0.88318
0.88222
0.88183
0.88181
0.882
0.88185
0.88143
0.88085
0.88068
0.88114
0.88202
0.88316
0.88438
0.8853
0.88516
0.88436
0.88322
0.88251
0.88211
0.88184
0.88144
0.88125
0.88098
0.88081
0.88108
0.88179
0.88283
0.88406
0.88531
0.88608
0.8857
0.88471
0.88356
0.88289
0.88235
0.88186
0.88234
0.88225
0.88187
0.88158
0.88176
0.88243
0.88334
0.88412
0.88404
0.88343
0.88249
0.88199
0.8822
0.88303
0.88421
0.88551
0.88657
0.88657
0.88572
0.88446
0.88361
0.88301
0.88261
0.8832
0.88313
0.88275
0.88235
0.88223
0.88254
0.88309
0.88337
0.88295
0.88238
0.88174
0.88185
0.88259
0.88367
0.88486
0.88577
0.88566
0.88491
0.88381
0.88311
0.88277
0.88273
0.88281
0.88243
0.88204
0.88153
0.88168
0.8823
0.88328
0.88449
0.88586
0.88734
0.88887
0.89028
0.89079
0.89
0.88848
0.88714
0.88652
0.887
0.88718
0.8868
0.88657
0.88609
0.88554
0.88559
0.88615
0.88593
0.88564
0.88526
0.88473
0.88424
0.8846
0.88494
0.88457
0.88429
0.88385
0.88338
0.88286
0.8831
0.8833
0.88293
0.88268
0.88249
0.88248
0.88248
0.88211
0.88191
0.88148
0.88138
0.8818
0.88251
0.88324
0.88349
0.88306
0.88249
0.88181
0.88181
0.88255
0.88358
0.88443
0.88441
0.88384
0.88293
0.88226
0.8822
0.88288
0.88406
0.88544
0.88692
0.88847
0.89003
0.89123
0.8911
0.88988
0.88824
0.88711
0.88711
0.88754
0.88726
0.88704
0.88672
0.88619
0.88595
0.88649
0.88651
0.88616
0.88593
0.88544
0.88493
0.8852
0.88561
0.88528
0.88505
0.88465
0.8841
0.8838
0.88435
0.8844
0.88405
0.88376
0.88329
0.88276
0.88258
0.88313
0.88292
0.88263
0.88231
0.88198
0.88163
0.88115
0.88135
0.88114
0.88092
0.88095
0.88123
0.88165
0.88182
0.88143
0.88108
0.88049
0.88054
0.88119
0.88205
0.88269
0.88252
0.88205
0.88127
0.8808
0.88111
0.88204
0.88312
0.88377
0.88345
0.88272
0.88177
0.88124
0.88123
0.88192
0.88301
0.88409
0.88441
0.88379
0.88266
0.8818
0.88139
0.88109
0.88065
0.88057
0.88037
0.88017
0.88034
0.88092
0.88179
0.88273
0.88325
0.88287
0.88215
0.88129
0.88102
0.88143
0.8824
0.88363
0.88494
0.886
0.88596
0.88506
0.88378
0.88291
0.88231
0.88243
0.88298
0.88267
0.88231
0.88186
0.88156
0.8814
0.88118
0.88078
0.88067
0.88033
0.88046
0.88099
0.8818
0.88267
0.88313
0.88274
0.88208
0.88128
0.88108
0.88161
0.88266
0.88392
0.88521
0.88608
0.88579
0.8848
0.88359
0.88282
0.88227
0.88263
0.8831
0.88275
0.88233
0.88183
0.88154
0.88149
0.88149
0.88111
0.88085
0.88039
0.88047
0.88102
0.8819
0.88295
0.88387
0.88399
0.88342
0.88246
0.88175
0.88158
0.88199
0.88286
0.88371
0.88379
0.88317
0.88218
0.8816
0.88162
0.88211
0.88284
0.88317
0.88274
0.882
0.88133
0.88137
0.88203
0.88308
0.88432
0.88562
0.88662
0.88651
0.88559
0.88433
0.88349
0.88291
0.88314
0.88364
0.88331
0.88294
0.88248
0.88217
0.88199
0.8817
0.88136
0.88125
0.88095
0.8811
0.88162
0.88243
0.88329
0.88371
0.88332
0.88265
0.88187
0.8817
0.88224
0.88328
0.88453
0.88583
0.88682
0.88668
0.88576
0.88451
0.88367
0.88312
0.88347
0.88395
0.88361
0.88322
0.88271
0.88233
0.88205
0.88166
0.88145
0.88139
0.88111
0.8812
0.88167
0.88246
0.88335
0.88392
0.88361
0.88298
0.88213
0.88183
0.88221
0.88316
0.88438
0.88574
0.88719
0.8887
0.89014
0.89095
0.89039
0.88897
0.8875
0.88671
0.88705
0.88727
0.8869
0.88673
0.88633
0.88581
0.88588
0.88636
0.88614
0.88589
0.88558
0.88507
0.88471
0.88519
0.88535
0.88499
0.88476
0.88431
0.88379
0.88373
0.88427
0.88408
0.8838
0.88346
0.88301
0.8825
0.88254
0.88295
0.88262
0.88238
0.88209
0.88185
0.88158
0.88113
0.88124
0.88094
0.88082
0.88101
0.88145
0.88194
0.88206
0.88166
0.88122
0.88067
0.88081
0.88152
0.88238
0.88292
0.88265
0.88213
0.88135
0.88098
0.88137
0.88233
0.8834
0.88405
0.88372
0.88297
0.88202
0.88147
0.88133
0.88174
0.88249
0.8829
0.88246
0.88164
0.88094
0.88093
0.88142
0.88222
0.88292
0.88287
0.88231
0.88144
0.881
0.88122
0.88201
0.88311
0.88431
0.88527
0.88521
0.8844
0.88324
0.88248
0.88194
0.88151
0.88201
0.88198
0.88162
0.88128
0.88123
0.88161
0.88223
0.88263
0.8823
0.88176
0.88106
0.881
0.88159
0.88258
0.88374
0.88486
0.88531
0.88479
0.88376
0.88281
0.88225
0.88174
0.88139
0.88191
0.88169
0.88133
0.8811
0.88137
0.88209
0.88304
0.88387
0.88391
0.88333
0.8824
0.88181
0.88178
0.88232
0.88321
0.884
0.88395
0.88332
0.88236
0.88187
0.88193
0.88247
0.88322
0.88358
0.88316
0.88242
0.88173
0.88172
0.8823
0.88328
0.88441
0.88544
0.88564
0.885
0.8839
0.88308
0.88261
0.88215
0.8818
0.88216
0.88186
0.88162
0.88164
0.88213
0.88293
0.8838
0.88424
0.88385
0.88313
0.88234
0.88215
0.88259
0.88353
0.88469
0.88586
0.88649
0.88604
0.88501
0.88396
0.88334
0.8828
0.88287
0.88331
0.88298
0.88263
0.88234
0.88241
0.88282
0.88328
0.88319
0.88276
0.88209
0.88181
0.88223
0.88309
0.88415
0.88518
0.8856
0.88511
0.8842
0.88333
0.88289
0.88277
0.88296
0.88303
0.88261
0.88207
0.88174
0.88204
0.88276
0.88376
0.88494
0.88622
0.88742
0.88787
0.88725
0.88605
0.885
0.88434
0.88429
0.88491
0.88475
0.88442
0.88398
0.88353
0.88311
0.88264
0.8829
0.88287
0.88257
0.8824
0.88253
0.883
0.88357
0.88375
0.88334
0.88277
0.88221
0.88236
0.88309
0.8841
0.88509
0.88551
0.88507
0.88424
0.88339
0.883
0.88309
0.8837
0.88447
0.88467
0.88415
0.88327
0.88271
0.88278
0.88333
0.88413
0.88476
0.88457
0.88396
0.88311
0.88278
0.88308
0.88388
0.88494
0.88598
0.88639
0.88587
0.88487
0.884
0.88356
0.88326
0.88289
0.88266
0.8826
0.88234
0.88242
0.88291
0.88373
0.88471
0.88557
0.88566
0.88511
0.88419
0.88354
0.8834
0.88381
0.8846
0.88531
0.88522
0.8846
0.88369
0.88329
0.88347
0.88411
0.88493
0.88541
0.88505
0.88434
0.88355
0.88338
0.88379
0.88464
0.88565
0.88641
0.88621
0.88548
0.8845
0.88399
0.88387
0.88407
0.88427
0.88392
0.88348
0.88295
0.88309
0.8837
0.88464
0.88577
0.88698
0.88805
0.88824
0.88755
0.88639
0.8855
0.88491
0.88473
0.88537
0.88527
0.88491
0.88446
0.88413
0.88404
0.88412
0.88395
0.88362
0.8832
0.88302
0.88337
0.8841
0.88503
0.88595
0.88634
0.88591
0.88513
0.88434
0.88406
0.88436
0.88517
0.88617
0.88686
0.88659
0.8858
0.88484
0.88439
0.8843
0.88445
0.88445
0.88405
0.8836
0.88329
0.88358
0.88429
0.88526
0.88635
0.88734
0.88754
0.88696
0.88594
0.88515
0.88471
0.88438
0.88395
0.88388
0.88378
0.88354
0.88361
0.88411
0.88496
0.88599
0.88703
0.88759
0.8872
0.88633
0.8854
0.88492
0.88468
0.88455
0.8842
0.88402
0.88365
0.88363
0.88403
0.88478
0.88578
0.8869
0.88793
0.88825
0.88768
0.88665
0.88579
0.88528
0.88479
0.88455
0.885
0.88471
0.8844
0.88427
0.88461
0.88533
0.88618
0.88674
0.88646
0.88582
0.88499
0.8847
0.88502
0.88584
0.88689
0.88793
0.88832
0.8878
0.88679
0.88592
0.88546
0.88506
0.8846
0.88483
0.88465
0.88441
0.88441
0.88484
0.88558
0.88644
0.88699
0.88671
0.88608
0.88527
0.88497
0.88528
0.88612
0.88721
0.88836
0.88918
0.88895
0.88807
0.88697
0.88629
0.88576
0.88568
0.88621
0.88595
0.88562
0.88527
0.88521
0.88547
0.88585
0.8858
0.88541
0.88482
0.88454
0.88491
0.8857
0.88668
0.88762
0.88795
0.88748
0.88663
0.88585
0.88552
0.88563
0.88621
0.88683
0.88677
0.88622
0.88538
0.88508
0.88536
0.88608
0.88699
0.88773
0.88763
0.88702
0.88611
0.88562
0.88564
0.88615
0.8869
0.88732
0.88695
0.88624
0.88552
0.88544
0.8859
0.88675
0.88771
0.88836
0.88808
0.88734
0.88642
0.886
0.88597
0.8863
0.88664
0.88637
0.88589
0.88526
0.88527
0.88582
0.88672
0.88782
0.88905
0.89037
0.89174
0.893
0.89347
0.89277
0.89142
0.8902
0.88965
0.89008
0.8902
0.88987
0.88968
0.88925
0.88878
0.8889
0.88935
0.88911
0.88888
0.88854
0.88806
0.8877
0.88812
0.88831
0.88798
0.88773
0.88732
0.88685
0.88654
0.88702
0.88698
0.88668
0.8864
0.88611
0.88585
0.88545
0.88536
0.88535
0.88507
0.88509
0.88535
0.8858
0.88615
0.88596
0.88563
0.88506
0.88482
0.88525
0.88603
0.88679
0.88701
0.8866
0.88598
0.88533
0.88524
0.88584
0.88683
0.88783
0.88826
0.88783
0.887
0.88615
0.88568
0.88547
0.88557
0.88567
0.88529
0.88482
0.88445
0.88468
0.88531
0.88622
0.88728
0.88836
0.88899
0.88863
0.88774
0.88676
0.88619
0.88571
0.88534
0.88581
0.88566
0.88534
0.88509
0.88525
0.88582
0.88659
0.88716
0.88696
0.88641
0.88562
0.88532
0.88564
0.88646
0.88754
0.88874
0.88991
0.89054
0.89009
0.88902
0.88794
0.88727
0.88706
0.88764
0.88761
0.88729
0.88691
0.88648
0.88608
0.88563
0.88582
0.88588
0.88558
0.88539
0.88544
0.8858
0.88628
0.88643
0.88605
0.88556
0.88505
0.88521
0.88589
0.8868
0.88766
0.88791
0.88745
0.88667
0.88596
0.88573
0.88608
0.88692
0.88796
0.88879
0.88872
0.88801
0.88698
0.88637
0.88601
0.88564
0.8853
0.88548
0.88518
0.88508
0.8853
0.88589
0.88668
0.88743
0.88755
0.88709
0.88632
0.88575
0.88577
0.88639
0.88737
0.88852
0.88972
0.89064
0.89052
0.88965
0.88847
0.88769
0.88723
0.88765
0.88792
0.88759
0.88727
0.88685
0.88646
0.88603
0.88585
0.88618
0.88587
0.88567
0.88562
0.88589
0.88638
0.88673
0.88646
0.88606
0.88544
0.88534
0.88586
0.88672
0.88763
0.88819
0.88789
0.88725
0.88643
0.88602
0.88613
0.88681
0.88779
0.88873
0.88899
0.88843
0.88744
0.88669
0.88632
0.88604
0.88563
0.88561
0.88542
0.88525
0.88539
0.8859
0.88667
0.88752
0.88802
0.88772
0.88709
0.88631
0.88602
0.88631
0.88711
0.88815
0.8892
0.88975
0.88934
0.8884
0.88746
0.88692
0.88644
0.88625
0.8867
0.88643
0.88614
0.88594
0.88612
0.88664
0.88724
0.88739
0.88699
0.88636
0.88585
0.886
0.88669
0.88767
0.88876
0.88971
0.88986
0.88925
0.88823
0.88745
0.88694
0.88647
0.88674
0.88702
0.88667
0.88629
0.88609
0.88636
0.88699
0.88771
0.888
0.8876
0.88691
0.88628
0.88626
0.88681
0.88772
0.88881
0.88992
0.8906
0.89026
0.88934
0.88831
0.88768
0.8872
0.88747
0.88781
0.88749
0.88715
0.8868
0.88667
0.88678
0.88686
0.88652
0.88623
0.88578
0.88589
0.88643
0.88723
0.88811
0.8887
0.88848
0.88789
0.88708
0.88668
0.88682
0.88752
0.88851
0.88955
0.89014
0.88976
0.88886
0.88792
0.8874
0.88695
0.8866
0.88701
0.88681
0.88654
0.88638
0.8866
0.88716
0.88781
0.8881
0.88773
0.88714
0.88653
0.88653
0.88712
0.88806
0.88915
0.89025
0.89091
0.89055
0.88965
0.88864
0.88801
0.88755
0.88788
0.88825
0.88792
0.88755
0.88714
0.88697
0.88707
0.88725
0.88702
0.88669
0.88618
0.88616
0.88663
0.88741
0.88836
0.88926
0.88957
0.88911
0.88828
0.88754
0.88721
0.88725
0.88765
0.888
0.8877
0.88715
0.88655
0.8866
0.88713
0.88799
0.889
0.89
0.89047
0.89003
0.88913
0.88826
0.88777
0.88736
0.88694
0.88725
0.88711
0.88684
0.88673
0.88702
0.88768
0.88849
0.8891
0.88895
0.88841
0.88761
0.88723
0.88742
0.88812
0.88909
0.8901
0.8907
0.89035
0.88949
0.88857
0.88806
0.88765
0.88721
0.88747
0.88738
0.88711
0.88699
0.88724
0.88785
0.88859
0.8891
0.88886
0.88833
0.88759
0.88733
0.88767
0.88849
0.88955
0.89073
0.89198
0.89322
0.89406
0.89376
0.8927
0.89145
0.89066
0.8907
0.89113
0.89092
0.89069
0.89037
0.88991
0.88958
0.89001
0.89018
0.88987
0.88963
0.88922
0.88876
0.88855
0.88903
0.88897
0.88869
0.8884
0.88806
0.88772
0.88731
0.88749
0.88742
0.88718
0.8871
0.88722
0.88754
0.88778
0.88754
0.88725
0.88673
0.88662
0.88707
0.88779
0.88848
0.88865
0.88826
0.88767
0.88708
0.88705
0.88767
0.88861
0.88951
0.88982
0.88937
0.88856
0.88781
0.88742
0.88734
0.88765
0.88801
0.88777
0.88725
0.88664
0.88666
0.88714
0.88793
0.88886
0.88966
0.8897
0.88914
0.88824
0.88765
0.88744
0.88758
0.8879
0.88784
0.88744
0.88684
0.88667
0.88706
0.8878
0.88877
0.88988
0.89109
0.89237
0.89366
0.89477
0.89491
0.89405
0.8927
0.89165
0.89141
0.89183
0.89173
0.89148
0.89126
0.89083
0.8905
0.89086
0.89106
0.89074
0.89057
0.8902
0.88974
0.88973
0.89019
0.89003
0.88979
0.88951
0.88908
0.88867
0.88895
0.88923
0.88892
0.8887
0.88836
0.88795
0.88755
0.88783
0.88794
0.88764
0.88743
0.88723
0.88712
0.88694
0.88658
0.88658
0.88625
0.88627
0.88659
0.88709
0.88755
0.88752
0.88718
0.88667
0.88627
0.88653
0.88722
0.88799
0.88835
0.88802
0.88749
0.88681
0.88657
0.88699
0.88787
0.88886
0.88954
0.88933
0.88866
0.88776
0.88719
0.88683
0.88656
0.8862
0.88612
0.88593
0.88577
0.88595
0.88652
0.88736
0.88838
0.88952
0.89073
0.89197
0.89298
0.89299
0.89212
0.89085
0.88993
0.88971
0.89018
0.89012
0.88985
0.8896
0.88917
0.88876
0.88903
0.88936
0.88907
0.88886
0.88849
0.88805
0.88772
0.88814
0.88825
0.88794
0.88768
0.88734
0.88698
0.88656
0.88672
0.88678
0.8865
0.88636
0.88635
0.88654
0.88673
0.88653
0.88626
0.88581
0.88566
0.88605
0.88671
0.88738
0.88762
0.88727
0.88676
0.88615
0.88608
0.88664
0.88753
0.88837
0.88863
0.88819
0.88743
0.88673
0.88641
0.88653
0.88715
0.88792
0.88823
0.8878
0.887
0.88636
0.88626
0.88653
0.88703
0.88726
0.88691
0.88636
0.88585
0.88595
0.88655
0.88745
0.8885
0.88962
0.89061
0.8908
0.89016
0.88908
0.88823
0.8877
0.88784
0.88832
0.8881
0.8878
0.88739
0.88701
0.88664
0.88624
0.88652
0.88642
0.88616
0.88604
0.88622
0.88669
0.88724
0.88741
0.88704
0.88651
0.886
0.88611
0.88675
0.88765
0.88859
0.88916
0.88887
0.88817
0.88733
0.88685
0.88664
0.88669
0.88676
0.88642
0.88604
0.88569
0.88588
0.88644
0.88727
0.88827
0.88937
0.89048
0.89122
0.89094
0.89003
0.88897
0.88829
0.888
0.88852
0.8886
0.88829
0.88796
0.88755
0.88715
0.88673
0.88696
0.88708
0.88678
0.88655
0.88646
0.88667
0.88703
0.88716
0.88681
0.88641
0.88596
0.88611
0.88672
0.88754
0.88831
0.88855
0.88814
0.88745
0.8868
0.88662
0.887
0.88784
0.88887
0.8899
0.89047
0.89009
0.88917
0.88823
0.88766
0.88723
0.88757
0.8878
0.88748
0.88716
0.88686
0.88676
0.88683
0.88679
0.88645
0.88618
0.88586
0.88606
0.88662
0.88738
0.88814
0.88846
0.88809
0.88747
0.88681
0.88663
0.88704
0.88788
0.88893
0.89008
0.89127
0.89227
0.89237
0.89159
0.89039
0.88949
0.88915
0.8896
0.88968
0.88938
0.88914
0.88873
0.88829
0.8883
0.88876
0.88859
0.88834
0.88802
0.88763
0.8872
0.88714
0.88752
0.88728
0.88705
0.88681
0.8867
0.88667
0.88648
0.88621
0.88602
0.88577
0.88596
0.88644
0.88706
0.88752
0.88737
0.887
0.88639
0.88609
0.88642
0.88718
0.88802
0.8885
0.88822
0.88763
0.88689
0.88651
0.88663
0.8873
0.88826
0.8893
0.89005
0.88988
0.88909
0.88809
0.88747
0.887
0.88702
0.88745
0.8872
0.88691
0.8866
0.88649
0.8866
0.88674
0.88648
0.88621
0.88575
0.88575
0.8862
0.88692
0.88773
0.8883
0.88812
0.88761
0.88686
0.88647
0.8866
0.88727
0.88823
0.88929
0.89026
0.89052
0.88994
0.8889
0.88808
0.88755
0.88744
0.88796
0.88783
0.88754
0.88718
0.88688
0.88668
0.88645
0.88612
0.88614
0.88585
0.88588
0.88621
0.88679
0.88746
0.88786
0.88759
0.88712
0.88647
0.88628
0.8867
0.88753
0.88851
0.88941
0.88968
0.88919
0.88831
0.88756
0.88709
0.88665
0.88645
0.8869
0.88667
0.88635
0.88616
0.88642
0.88706
0.88787
0.88859
0.88865
0.88816
0.88736
0.88683
0.88675
0.88712
0.88777
0.88825
0.88801
0.88745
0.88675
0.88657
0.88689
0.88759
0.88842
0.88904
0.88886
0.88826
0.88744
0.88704
0.88704
0.88739
0.88785
0.88781
0.88739
0.88674
0.88651
0.88682
0.88753
0.88845
0.8895
0.89056
0.89128
0.89103
0.89018
0.88917
0.88852
0.88816
0.88859
0.88878
0.88847
0.88816
0.88777
0.88746
0.88711
0.88682
0.88706
0.8868
0.88665
0.88671
0.88709
0.88765
0.8881
0.88798
0.88759
0.88697
0.8867
0.88704
0.88779
0.8887
0.88951
0.88965
0.88917
0.88835
0.8877
0.88737
0.88731
0.88748
0.88744
0.88709
0.88659
0.88644
0.88677
0.88743
0.8883
0.8893
0.89033
0.89107
0.89087
0.8901
0.88911
0.88848
0.88803
0.88825
0.88863
0.88835
0.88804
0.88767
0.88746
0.88741
0.88735
0.88701
0.88685
0.88652
0.88663
0.88709
0.88778
0.88856
0.88909
0.88889
0.88838
0.88766
0.88731
0.88749
0.88817
0.88912
0.89016
0.89108
0.89126
0.89066
0.88965
0.88887
0.88836
0.88828
0.88878
0.88863
0.88835
0.888
0.88772
0.88756
0.88738
0.88704
0.88701
0.88672
0.88676
0.88711
0.88771
0.88839
0.88882
0.88857
0.8881
0.88745
0.88722
0.88759
0.88838
0.88936
0.89034
0.8909
0.89057
0.88976
0.88888
0.88833
0.88788
0.88797
0.88843
0.88817
0.88783
0.88747
0.88741
0.88772
0.88822
0.88847
0.88814
0.88762
0.8871
0.88718
0.88773
0.88858
0.88958
0.89065
0.89162
0.89192
0.89136
0.89034
0.88948
0.88895
0.88904
0.88952
0.88933
0.88905
0.88867
0.88829
0.8879
0.88759
0.88797
0.88784
0.88758
0.88739
0.88745
0.88779
0.8882
0.88822
0.88788
0.88738
0.88703
0.88728
0.88793
0.88877
0.88954
0.88972
0.8893
0.88856
0.88794
0.88772
0.88795
0.8886
0.88933
0.88956
0.88912
0.88835
0.88778
0.88769
0.88796
0.88844
0.88866
0.88832
0.88778
0.8873
0.88741
0.88797
0.88882
0.88982
0.89091
0.89205
0.89304
0.89323
0.89255
0.89141
0.89051
0.89012
0.89053
0.89067
0.89038
0.89016
0.88977
0.88934
0.88927
0.88974
0.88964
0.88939
0.88908
0.8887
0.8883
0.88813
0.88854
0.88836
0.88813
0.88789
0.88777
0.88778
0.88769
0.88737
0.88722
0.8869
0.88702
0.88746
0.88807
0.88861
0.88864
0.88828
0.88772
0.88729
0.88743
0.88809
0.88894
0.88964
0.88964
0.88917
0.88841
0.88786
0.88768
0.88797
0.88866
0.88939
0.88954
0.88907
0.88826
0.88773
0.88764
0.88787
0.88822
0.8882
0.88784
0.88728
0.88705
0.88737
0.88805
0.88894
0.88991
0.8908
0.89103
0.89051
0.8896
0.88886
0.88838
0.888
0.88836
0.88854
0.88823
0.88788
0.88765
0.88776
0.88818
0.88863
0.88859
0.8882
0.8876
0.88733
0.88763
0.88833
0.88923
0.89023
0.89116
0.89148
0.89098
0.89006
0.88926
0.88875
0.88848
0.88898
0.88904
0.88873
0.88837
0.88805
0.88797
0.88807
0.88809
0.88777
0.88746
0.88714
0.88733
0.88787
0.88863
0.88946
0.89006
0.88991
0.88936
0.88859
0.88815
0.88811
0.88849
0.88913
0.88951
0.8892
0.88859
0.88796
0.88788
0.88823
0.88888
0.88958
0.8898
0.88941
0.88872
0.88816
0.88809
0.88848
0.88919
0.88993
0.89018
0.88977
0.88903
0.88843
0.88829
0.88853
0.88904
0.8894
0.88914
0.88864
0.88804
0.888
0.88844
0.8892
0.89013
0.89112
0.8919
0.89184
0.89116
0.8902
0.88956
0.8891
0.88907
0.88954
0.88935
0.88906
0.88872
0.88854
0.88859
0.88873
0.88856
0.88828
0.88786
0.88777
0.88814
0.88879
0.88957
0.89027
0.89036
0.88993
0.88921
0.88868
0.88857
0.88897
0.88974
0.89059
0.89111
0.89081
0.89009
0.8893
0.88892
0.88874
0.88861
0.88828
0.88819
0.88789
0.88792
0.88827
0.8889
0.88968
0.89045
0.89076
0.89038
0.8897
0.88905
0.88881
0.88899
0.88955
0.89018
0.89028
0.88984
0.88912
0.88869
0.88876
0.88922
0.88991
0.89046
0.89034
0.88984
0.88912
0.8888
0.88896
0.88954
0.89032
0.89098
0.89093
0.8904
0.88961
0.88917
0.88911
0.8894
0.88982
0.88983
0.88945
0.88885
0.88859
0.88887
0.88953
0.8904
0.89139
0.89247
0.89356
0.89439
0.89426
0.89342
0.89232
0.89158
0.89142
0.89187
0.89182
0.89157
0.8913
0.89091
0.89051
0.89066
0.89103
0.8908
0.89057
0.89025
0.88988
0.88949
0.88951
0.88981
0.88955
0.88934
0.88915
0.88911
0.88916
0.88903
0.88876
0.88851
0.88828
0.8885
0.88899
0.8896
0.89004
0.88989
0.88952
0.88893
0.88865
0.88895
0.88967
0.89049
0.89104
0.89083
0.89029
0.88955
0.88912
0.88906
0.88947
0.89019
0.89079
0.89068
0.89012
0.88934
0.88899
0.88902
0.88934
0.88966
0.88948
0.88911
0.88856
0.88848
0.88889
0.88962
0.89052
0.89149
0.89231
0.89238
0.8918
0.89087
0.8902
0.88973
0.88953
0.89004
0.88999
0.88969
0.88933
0.88911
0.88917
0.88945
0.88962
0.88932
0.88893
0.88851
0.88863
0.88916
0.88993
0.89081
0.89155
0.89163
0.89113
0.89032
0.88973
0.88943
0.8893
0.88922
0.88889
0.88872
0.88843
0.88854
0.88898
0.88968
0.89055
0.89153
0.89253
0.89326
0.89309
0.89234
0.89137
0.89073
0.89037
0.89074
0.89097
0.89069
0.8904
0.89002
0.88971
0.88937
0.8891
0.88936
0.88913
0.88897
0.88897
0.88927
0.88978
0.89023
0.89017
0.88981
0.88924
0.88894
0.88921
0.88989
0.89074
0.89154
0.8918
0.89138
0.89063
0.88997
0.88963
0.8895
0.88957
0.88948
0.88917
0.88876
0.88866
0.88896
0.88957
0.89039
0.89133
0.89236
0.89336
0.89391
0.89353
0.89262
0.89168
0.8911
0.89104
0.89151
0.89141
0.89116
0.89084
0.89046
0.89006
0.88991
0.89034
0.89019
0.88994
0.88967
0.88953
0.88955
0.88957
0.88929
0.88911
0.88875
0.88878
0.88917
0.88979
0.89043
0.89076
0.89047
0.88999
0.8894
0.88925
0.88965
0.89043
0.89135
0.89216
0.89234
0.89185
0.89101
0.89033
0.8899
0.88949
0.88954
0.88989
0.88962
0.8893
0.88911
0.88934
0.88991
0.89062
0.89115
0.89099
0.89048
0.88977
0.88946
0.8896
0.89015
0.89089
0.89147
0.89133
0.89079
0.89004
0.88968
0.88971
0.89007
0.89051
0.89051
0.89013
0.88953
0.88926
0.88952
0.89015
0.891
0.89197
0.89298
0.89381
0.89383
0.89316
0.89216
0.89145
0.89104
0.89136
0.89162
0.89135
0.8911
0.89073
0.89038
0.88999
0.89002
0.89029
0.89003
0.88981
0.88966
0.88975
0.89002
0.89017
0.88989
0.88959
0.88915
0.88921
0.8897
0.89039
0.89109
0.89137
0.89103
0.89047
0.88987
0.88969
0.89004
0.89081
0.89175
0.8928
0.8939
0.89504
0.89612
0.89664
0.89614
0.89503
0.89393
0.89341
0.89371
0.8938
0.89353
0.8934
0.89308
0.89271
0.89286
0.89316
0.89294
0.89278
0.89253
0.89213
0.89197
0.89236
0.89237
0.89212
0.89193
0.89157
0.89119
0.89134
0.89166
0.89143
0.89125
0.89096
0.89059
0.89027
0.89058
0.8907
0.89043
0.89023
0.88996
0.88966
0.88929
0.88941
0.88945
0.88921
0.88911
0.88912
0.88925
0.88934
0.88908
0.8889
0.88852
0.88848
0.88885
0.8894
0.88988
0.88988
0.88957
0.88908
0.88868
0.88883
0.88945
0.89017
0.89059
0.89034
0.88986
0.88922
0.8889
0.88909
0.88978
0.8907
0.89168
0.89249
0.89253
0.8919
0.89096
0.89027
0.88984
0.89006
0.89045
0.89022
0.88994
0.88956
0.88922
0.88891
0.88854
0.88873
0.88865
0.88843
0.88836
0.88857
0.88906
0.88963
0.88993
0.88965
0.88918
0.88862
0.88855
0.88899
0.88977
0.89068
0.89159
0.89215
0.89186
0.89111
0.89027
0.88974
0.88934
0.88955
0.88991
0.88965
0.88934
0.889
0.88887
0.88902
0.88929
0.88923
0.88891
0.88844
0.88826
0.88858
0.88922
0.89002
0.89087
0.89142
0.89121
0.8906
0.88983
0.88938
0.88912
0.88896
0.88867
0.88855
0.88832
0.88824
0.88847
0.88901
0.88976
0.89064
0.89155
0.89217
0.89198
0.8913
0.89044
0.88991
0.88949
0.88938
0.88983
0.88966
0.88938
0.88908
0.88903
0.8893
0.88973
0.88992
0.88962
0.88917
0.88872
0.8888
0.88933
0.8901
0.89099
0.89182
0.89212
0.89169
0.89089
0.89019
0.88975
0.88935
0.88932
0.8897
0.88945
0.88916
0.88896
0.88914
0.88964
0.89027
0.89068
0.89045
0.88995
0.88933
0.88914
0.88944
0.89012
0.89097
0.89184
0.89233
0.89201
0.89126
0.89047
0.89002
0.88962
0.88945
0.88983
0.88963
0.88938
0.8892
0.88932
0.88973
0.89024
0.89042
0.8901
0.8896
0.88914
0.88921
0.88974
0.89054
0.89144
0.89229
0.89264
0.89223
0.89142
0.89068
0.89021
0.88983
0.8901
0.89037
0.89008
0.88976
0.88949
0.88952
0.88985
0.89027
0.89032
0.88997
0.88944
0.88913
0.88935
0.88995
0.89077
0.89169
0.89259
0.89303
0.89267
0.89186
0.89106
0.89056
0.89023
0.89062
0.8908
0.89051
0.89019
0.88987
0.88974
0.88979
0.8898
0.88951
0.88927
0.88895
0.88908
0.88955
0.89023
0.89098
0.89156
0.89146
0.89098
0.89028
0.88986
0.88983
0.89023
0.89089
0.89144
0.89133
0.89082
0.8901
0.88979
0.88987
0.89027
0.89075
0.89081
0.89045
0.88986
0.88953
0.88971
0.89029
0.8911
0.89202
0.893
0.89381
0.89385
0.89322
0.89226
0.89157
0.89116
0.89144
0.89172
0.89146
0.89122
0.89087
0.89053
0.89016
0.89013
0.89042
0.89017
0.88996
0.88983
0.88992
0.8902
0.89039
0.89014
0.88986
0.88941
0.88942
0.88986
0.89053
0.89122
0.89155
0.89125
0.89073
0.89012
0.8899
0.89017
0.89087
0.89177
0.89275
0.89375
0.89449
0.89434
0.89356
0.89256
0.8919
0.89172
0.89215
0.89213
0.89189
0.89164
0.89127
0.89089
0.89088
0.89128
0.89111
0.89089
0.8906
0.89032
0.89003
0.8897
0.88991
0.88977
0.88959
0.88956
0.88973
0.89006
0.89033
0.89015
0.88987
0.8894
0.88928
0.88965
0.89029
0.89094
0.89121
0.89091
0.89041
0.88984
0.88967
0.89004
0.89079
0.89169
0.89256
0.89297
0.8926
0.89181
0.89104
0.89055
0.89022
0.89061
0.89082
0.89054
0.8902
0.88987
0.88976
0.88988
0.89005
0.88986
0.88957
0.88914
0.88913
0.88952
0.89018
0.89097
0.89177
0.89218
0.89186
0.8912
0.8905
0.89013
0.88993
0.88983
0.88958
0.88942
0.88914
0.88911
0.8894
0.88998
0.89074
0.89161
0.89252
0.89317
0.89302
0.89236
0.89149
0.89094
0.89052
0.89063
0.89102
0.8908
0.89052
0.89019
0.89003
0.89006
0.89016
0.88996
0.88973
0.88934
0.88932
0.88968
0.8903
0.89103
0.89167
0.89176
0.89136
0.89069
0.89019
0.89007
0.89039
0.89104
0.89172
0.89193
0.89153
0.89082
0.89029
0.89015
0.89031
0.89064
0.8907
0.89038
0.8899
0.88961
0.88983
0.89041
0.89119
0.89208
0.893
0.89368
0.89355
0.89288
0.89199
0.89141
0.89102
0.89128
0.89159
0.89134
0.89107
0.89072
0.89046
0.89028
0.89001
0.88987
0.88979
0.88961
0.88969
0.89005
0.89062
0.89124
0.89156
0.89129
0.89081
0.89024
0.8901
0.89046
0.89118
0.89206
0.89303
0.894
0.89463
0.89438
0.89357
0.89263
0.89204
0.89194
0.89238
0.89232
0.89209
0.8918
0.89143
0.89105
0.89104
0.89145
0.89128
0.89105
0.89076
0.89051
0.89031
0.89002
0.88991
0.88988
0.88968
0.88972
0.89
0.89046
0.89092
0.891
0.89069
0.89022
0.88982
0.88995
0.89052
0.89127
0.89195
0.89209
0.8917
0.89104
0.89049
0.89027
0.89044
0.89098
0.89158
0.8917
0.89129
0.8906
0.89017
0.89018
0.89052
0.89101
0.89124
0.89094
0.89045
0.88997
0.89001
0.89047
0.89121
0.89209
0.89306
0.89405
0.89487
0.89491
0.89423
0.89323
0.8925
0.89222
0.89262
0.89268
0.89243
0.89221
0.89186
0.89149
0.89144
0.89185
0.89173
0.89151
0.89123
0.89092
0.89059
0.89034
0.89066
0.89051
0.89032
0.89018
0.89019
0.89036
0.89046
0.89021
0.89
0.88961
0.88962
0.89003
0.89061
0.89117
0.8913
0.89099
0.89049
0.89002
0.89001
0.89051
0.89128
0.89206
0.89243
0.89211
0.89148
0.89081
0.89043
0.89023
0.89018
0.89006
0.88979
0.8895
0.88939
0.88963
0.89015
0.89088
0.89173
0.89266
0.89357
0.89409
0.89377
0.89295
0.89209
0.89156
0.89143
0.89188
0.89185
0.8916
0.8913
0.89096
0.89061
0.89031
0.89063
0.89061
0.89037
0.89016
0.8901
0.89027
0.89052
0.89051
0.89023
0.88985
0.88959
0.88982
0.89038
0.89106
0.89164
0.89165
0.89127
0.89065
0.89021
0.8902
0.89067
0.89144
0.89235
0.8933
0.89412
0.89422
0.89362
0.89267
0.89196
0.89158
0.89187
0.8921
0.89185
0.89163
0.8913
0.89094
0.89062
0.89088
0.89102
0.89077
0.89054
0.89033
0.89024
0.8902
0.88996
0.88982
0.88957
0.88948
0.88972
0.89018
0.89073
0.89111
0.89093
0.89058
0.89004
0.88982
0.89013
0.8908
0.89157
0.89214
0.89203
0.89155
0.89085
0.8904
0.89022
0.89035
0.89071
0.89084
0.8905
0.88996
0.88966
0.88985
0.89036
0.89106
0.8918
0.89223
0.89197
0.89137
0.8907
0.89038
0.89033
0.89053
0.89069
0.89042
0.89005
0.88968
0.88979
0.89026
0.89096
0.8918
0.89273
0.89373
0.89474
0.89559
0.89566
0.89497
0.89393
0.89314
0.89294
0.89331
0.89327
0.89305
0.89286
0.89251
0.89219
0.89242
0.89267
0.89243
0.89227
0.89197
0.89161
0.8914
0.89177
0.89181
0.89157
0.89135
0.89104
0.8907
0.89046
0.8908
0.89072
0.89051
0.89032
0.8902
0.89015
0.89002
0.88975
0.88968
0.88942
0.8895
0.88984
0.89031
0.89069
0.89063
0.89034
0.88988
0.88958
0.88981
0.89041
0.89107
0.89142
0.89116
0.89071
0.89012
0.88986
0.89009
0.89075
0.89161
0.89252
0.89328
0.89332
0.89274
0.89186
0.89121
0.89082
0.89104
0.89139
0.89117
0.89091
0.89056
0.89024
0.88993
0.88962
0.88989
0.88977
0.88957
0.88947
0.88963
0.89005
0.89053
0.8907
0.89041
0.88995
0.88951
0.88956
0.89006
0.89079
0.89161
0.89229
0.89231
0.89182
0.89105
0.89051
0.89016
0.8898
0.88968
0.88997
0.88974
0.8895
0.88947
0.88981
0.89041
0.89112
0.8917
0.89165
0.8912
0.89051
0.8901
0.89004
0.89031
0.89076
0.89093
0.89062
0.89009
0.88969
0.88979
0.89027
0.89097
0.89177
0.89246
0.89252
0.89204
0.89126
0.89072
0.89041
0.89009
0.88984
0.89007
0.88985
0.8897
0.88975
0.89013
0.89072
0.89136
0.8917
0.89143
0.89092
0.89034
0.89016
0.89041
0.89102
0.89178
0.89244
0.89248
0.892
0.89124
0.89075
0.8905
0.89034
0.89007
0.88997
0.88979
0.88968
0.88985
0.89029
0.89092
0.89163
0.89213
0.89199
0.89152
0.89086
0.89051
0.89052
0.89091
0.89149
0.89187
0.89163
0.8911
0.89052
0.89038
0.89062
0.89115
0.89171
0.89187
0.89152
0.89092
0.89048
0.89049
0.89089
0.89156
0.89226
0.89263
0.89233
0.8917
0.89108
0.89081
0.8908
0.89099
0.89103
0.89074
0.89035
0.89011
0.89032
0.89084
0.89156
0.89239
0.89325
0.8939
0.89378
0.89316
0.89234
0.8918
0.8914
0.89152
0.89189
0.89168
0.89142
0.8911
0.89091
0.8909
0.89094
0.89071
0.89052
0.89019
0.8902
0.89054
0.89112
0.8918
0.89239
0.89245
0.89207
0.89144
0.89099
0.89091
0.89126
0.89191
0.8926
0.89292
0.89258
0.89192
0.89132
0.89109
0.89107
0.89117
0.89102
0.89078
0.8904
0.89035
0.89066
0.89124
0.89197
0.89274
0.8933
0.89317
0.89264
0.89192
0.89148
0.89123
0.89106
0.89078
0.8907
0.89051
0.89042
0.8906
0.89108
0.89175
0.89253
0.89331
0.89373
0.89343
0.89277
0.89207
0.89167
0.89133
0.89102
0.8913
0.89122
0.89098
0.89084
0.89101
0.89148
0.89209
0.8926
0.89256
0.89216
0.89155
0.8912
0.8913
0.89179
0.89251
0.89327
0.8937
0.89342
0.89277
0.89208
0.89172
0.89148
0.89119
0.89105
0.89108
0.89087
0.89086
0.89114
0.89166
0.8923
0.89287
0.8929
0.89253
0.89191
0.89149
0.89148
0.89188
0.89256
0.89327
0.89363
0.89332
0.89267
0.89204
0.89175
0.89165
0.89163
0.89138
0.89122
0.89092
0.89094
0.89127
0.89183
0.89254
0.89327
0.89369
0.89344
0.89287
0.89222
0.89188
0.89179
0.89194
0.89209
0.89185
0.8915
0.89113
0.89124
0.89168
0.89234
0.89314
0.89403
0.89495
0.89573
0.89579
0.89519
0.89426
0.89359
0.89326
0.89359
0.89376
0.89351
0.8933
0.89297
0.89262
0.89237
0.89273
0.89278
0.89254
0.8923
0.89205
0.89188
0.89168
0.89141
0.89147
0.89123
0.89121
0.89141
0.89181
0.89228
0.8925
0.89225
0.8919
0.89143
0.89139
0.89182
0.89249
0.89317
0.89345
0.89315
0.8926
0.89203
0.89177
0.89188
0.89239
0.89307
0.89355
0.89335
0.8928
0.89213
0.89184
0.89181
0.89196
0.892
0.89172
0.89138
0.89112
0.89132
0.89181
0.89249
0.89326
0.89392
0.894
0.89357
0.89285
0.89233
0.89205
0.89186
0.89164
0.89143
0.89135
0.89118
0.89128
0.89166
0.89228
0.89302
0.89382
0.89443
0.89436
0.89382
0.89306
0.89257
0.89223
0.89188
0.89207
0.89216
0.89191
0.89169
0.8917
0.89205
0.89259
0.89312
0.89319
0.89285
0.89228
0.89189
0.89195
0.89242
0.89314
0.89396
0.89477
0.89514
0.89478
0.89402
0.89331
0.89287
0.89257
0.89292
0.89302
0.89277
0.8925
0.89226
0.89218
0.89223
0.89216
0.8919
0.89166
0.89146
0.89165
0.8921
0.89272
0.89332
0.89356
0.89326
0.89274
0.89223
0.89209
0.89241
0.89307
0.89389
0.89476
0.8955
0.89556
0.895
0.89414
0.89351
0.89312
0.8933
0.8936
0.89339
0.89317
0.89286
0.89258
0.89229
0.89203
0.89228
0.89211
0.89195
0.8919
0.89208
0.89243
0.89276
0.89266
0.89238
0.89192
0.89172
0.89201
0.8926
0.89329
0.8938
0.89371
0.8933
0.89267
0.89228
0.89224
0.89263
0.89329
0.89396
0.89419
0.89382
0.89313
0.89258
0.89236
0.8923
0.89225
0.89197
0.89182
0.89155
0.89165
0.89202
0.89261
0.8933
0.89393
0.89406
0.89369
0.89306
0.89256
0.89239
0.89254
0.89297
0.89333
0.89315
0.89272
0.89218
0.89209
0.8924
0.89297
0.89367
0.89423
0.89419
0.89374
0.89306
0.89266
0.89255
0.8927
0.89295
0.89286
0.89255
0.89209
0.892
0.89232
0.89291
0.89366
0.89451
0.89543
0.89639
0.89733
0.8979
0.89759
0.89671
0.89577
0.89521
0.89537
0.8956
0.89538
0.89524
0.89499
0.89464
0.89455
0.89491
0.89487
0.89466
0.89447
0.89414
0.89382
0.89399
0.89425
0.89404
0.89387
0.89361
0.89328
0.89298
0.89323
0.89335
0.89312
0.89294
0.89272
0.89252
0.89225
0.89209
0.89219
0.89197
0.89193
0.89204
0.89231
0.89258
0.89253
0.89228
0.89193
0.89168
0.8919
0.89241
0.89297
0.89322
0.89297
0.89259
0.89209
0.89195
0.8923
0.89297
0.89367
0.89403
0.89376
0.89322
0.8926
0.89227
0.89217
0.89239
0.89275
0.89274
0.89238
0.89184
0.89168
0.89192
0.89243
0.89308
0.89367
0.89373
0.89335
0.89271
0.89227
0.89218
0.89243
0.8929
0.89322
0.893
0.89255
0.89204
0.89197
0.89229
0.89289
0.8936
0.89419
0.89419
0.89374
0.89305
0.89261
0.89243
0.89242
0.89243
0.89217
0.89194
0.89167
0.89179
0.8922
0.89282
0.89357
0.89434
0.89489
0.89474
0.89418
0.89346
0.89301
0.89267
0.89235
0.89262
0.89263
0.89239
0.89217
0.89221
0.89256
0.8931
0.89361
0.89364
0.8933
0.89273
0.89237
0.89244
0.89291
0.89362
0.89441
0.89511
0.89522
0.89475
0.89398
0.89341
0.89304
0.89274
0.89306
0.8931
0.89286
0.89261
0.8925
0.89264
0.89297
0.89318
0.89296
0.89263
0.89221
0.89222
0.89263
0.89327
0.89399
0.89459
0.89461
0.89419
0.89351
0.89304
0.89282
0.89279
0.89288
0.89272
0.89246
0.8921
0.89211
0.89245
0.89302
0.89374
0.89457
0.89546
0.89633
0.89688
0.89662
0.89585
0.89499
0.89446
0.89444
0.89482
0.8947
0.89451
0.89425
0.89392
0.89359
0.89372
0.89402
0.89381
0.89361
0.89334
0.89308
0.8928
0.89257
0.8928
0.89262
0.89248
0.89245
0.89262
0.89292
0.89311
0.8929
0.89265
0.89223
0.8922
0.89258
0.89317
0.89374
0.89392
0.89363
0.89314
0.89266
0.89255
0.89291
0.8936
0.89441
0.89524
0.89577
0.89556
0.8949
0.89412
0.89362
0.89335
0.8937
0.89388
0.89363
0.89336
0.89304
0.89279
0.89256
0.89225
0.89237
0.89222
0.89208
0.89214
0.89246
0.89296
0.89349
0.89368
0.8934
0.89293
0.89247
0.89244
0.89284
0.89352
0.89433
0.89521
0.89604
0.89645
0.89609
0.89529
0.89451
0.89404
0.8941
0.89447
0.89432
0.89412
0.89384
0.8935
0.89317
0.89325
0.89357
0.89336
0.89316
0.8929
0.89272
0.89259
0.89237
0.89222
0.89213
0.89196
0.89207
0.89239
0.89287
0.89331
0.89336
0.89307
0.89262
0.89226
0.89236
0.89288
0.89357
0.89424
0.89448
0.89415
0.89355
0.89299
0.89271
0.89263
0.8928
0.89294
0.89268
0.89231
0.89199
0.89213
0.89256
0.89319
0.89393
0.89467
0.89504
0.89474
0.89409
0.89344
0.89307
0.89274
0.89249
0.8928
0.89267
0.89245
0.89232
0.89248
0.89292
0.89347
0.89385
0.89369
0.89329
0.89274
0.89254
0.89276
0.89333
0.89408
0.89489
0.89559
0.8957
0.89521
0.89442
0.89383
0.89344
0.89338
0.89377
0.89365
0.89342
0.89314
0.89294
0.89285
0.89278
0.89252
0.89243
0.89218
0.8922
0.89248
0.89297
0.89354
0.89396
0.89383
0.89347
0.89293
0.89266
0.89284
0.8934
