-Inf
-6.0282
-5.3558
-4.9625
-4.6835
-4.467
-4.2902
-4.1406
-4.0111
-3.8969
-3.7947
-3.7022
-3.6178
-3.5402
-3.4683
-3.4014
-3.3388
-3.28
-3.2245
-3.1721
-3.1223
-3.075
-3.0299
-2.9867
-2.9455
-2.9059
-2.8678
-2.8312
-2.7959
-2.7619
-2.729
-2.6972
-2.6664
-2.6366
-2.6076
-2.5795
-2.5522
-2.5256
-2.4997
-2.4745
-2.45
-2.426
-2.4026
-2.3798
-2.3575
-2.3357
-2.3144
-2.2935
-2.2731
-2.2531
-2.2335
-2.2143
-2.1955
-2.177
-2.1589
-2.1411
-2.1236
-2.1064
-2.0895
-2.073
-2.0567
-2.0406
-2.0248
-2.0093
-1.9941
-1.979
-1.9642
-1.9496
-1.9352
-1.9211
-1.9071
-1.8934
-1.8798
-1.8664
-1.8532
-1.8402
-1.8274
-1.8147
-1.8022
-1.7898
-1.7776
-1.7656
-1.7537
-1.7419
-1.7303
-1.7188
-1.7075
-1.6962
-1.6852
-1.6742
-1.6634
-1.6526
-1.642
-1.6315
-1.6212
-1.6109
-1.6008
-1.5907
-1.5808
-1.5709
-1.5612
-1.5515
-1.5419
-1.5325
-1.5231
-1.5138
-1.5046
-1.4955
-1.4865
-1.4776
-1.4687
-1.4599
-1.4512
-1.4426
-1.4341
-1.4256
-1.4172
-1.4089
-1.4006
-1.3924
-1.3843
-1.3763
-1.3683
-1.3604
-1.3525
-1.3447
-1.337
-1.3293
-1.3217
-1.3142
-1.3067
-1.2992
-1.2919
-1.2845
-1.2773
-1.2701
-1.2629
-1.2558
-1.2487
-1.2417
-1.2348
-1.2279
-1.221
-1.2142
-1.2075
-1.2007
-1.1941
-1.1875
-1.1809
-1.1743
-1.1679
-1.1614
-1.155
-1.1486
-1.1423
-1.136
-1.1298
-1.1236
-1.1175
-1.1113
-1.1053
-1.0992
-1.0932
-1.0872
-1.0813
-1.0754
-1.0695
-1.0637
-1.0579
-1.0522
-1.0464
-1.0408
-1.0351
-1.0295
-1.0239
-1.0183
-1.0128
-1.0073
-1.0018
-0.99641
-0.991
-0.98563
-0.98028
-0.97497
-0.96968
-0.96442
-0.9592
-0.95399
-0.94882
-0.94368
-0.93856
-0.93346
-0.9284
-0.92336
-0.91835
-0.91336
-0.9084
-0.90346
-0.89855
-0.89366
-0.8888
-0.88396
-0.87915
-0.87436
-0.86959
-0.86485
-0.86013
-0.85543
-0.85076
-0.84611
-0.84148
-0.83687
-0.83228
-0.82772
-0.82317
-0.81865
-0.81415
-0.80967
-0.80521
-0.80077
-0.79635
-0.79195
-0.78757
-0.78321
-0.77887
-0.77455
-0.77025
-0.76597
-0.7617
-0.75746
-0.75323
-0.74902
-0.74483
-0.74066
-0.73651
-0.73237
-0.72825
-0.72415
-0.72007
-0.716
-0.71195
-0.70792
-0.7039
-0.6999
-0.69592
-0.69195
-0.688
-0.68406
-0.68014
-0.67624
-0.67235
-0.66848
-0.66462
-0.66078
-0.65696
-0.65314
-0.64935
-0.64557
-0.6418
-0.63805
-0.63431
-0.63059
-0.62688
-0.62318
-0.6195
-0.61583
-0.61218
-0.60854
-0.60491
-0.6013
-0.5977
-0.59411
-0.59054
-0.58698
-0.58344
-0.5799
-0.57638
-0.57287
-0.56938
-0.56589
-0.56242
-0.55897
-0.55552
-0.55209
-0.54866
-0.54526
-0.54186
-0.53847
-0.5351
-0.53174
-0.52839
-0.52505
-0.52172
-0.5184
-0.5151
-0.5118
-0.50852
-0.50525
-0.50199
-0.49874
-0.4955
-0.49227
-0.48906
-0.48585
-0.48265
-0.47947
-0.47629
-0.47313
-0.46997
-0.46683
-0.46369
-0.46057
-0.45746
-0.45435
-0.45126
-0.44817
-0.4451
-0.44204
-0.43898
-0.43593
-0.4329
-0.42987
-0.42685
-0.42385
-0.42085
-0.41786
-0.41488
-0.41191
-0.40895
-0.40599
-0.40305
-0.40012
-0.39719
-0.39427
-0.39136
-0.38846
-0.38557
-0.38269
-0.37982
-0.37695
-0.37409
-0.37124
-0.3684
-0.36557
-0.36275
-0.35993
-0.35712
-0.35432
-0.35153
-0.34875
-0.34597
-0.34321
-0.34045
-0.3377
-0.33495
-0.33222
-0.32949
-0.32677
-0.32405
-0.32135
-0.31865
-0.31596
-0.31327
-0.3106
-0.30793
-0.30527
-0.30262
-0.29997
-0.29733
-0.2947
-0.29207
-0.28945
-0.28684
-0.28424
-0.28164
-0.27905
-0.27647
-0.27389
-0.27132
-0.26876
-0.2662
-0.26365
-0.26111
-0.25858
-0.25605
-0.25352
-0.25101
-0.2485
-0.24599
-0.2435
-0.24101
-0.23852
-0.23605
-0.23357
-0.23111
-0.22865
-0.2262
-0.22375
-0.22131
-0.21888
-0.21645
-0.21403
-0.21161
-0.2092
-0.2068
-0.2044
-0.20201
-0.19962
-0.19724
-0.19487
-0.1925
-0.19013
-0.18778
-0.18543
-0.18308
-0.18074
-0.17841
-0.17608
-0.17375
-0.17144
-0.16912
-0.16682
-0.16451
-0.16222
-0.15993
-0.15764
-0.15536
-0.15309
-0.15082
-0.14856
-0.1463
-0.14405
-0.1418
-0.13955
-0.13732
-0.13508
-0.13286
-0.13063
-0.12842
-0.12621
-0.124
-0.1218
-0.1196
-0.11741
-0.11522
-0.11304
-0.11086
-0.10869
-0.10652
-0.10436
-0.1022
-0.10005
-0.097898
-0.095754
-0.093616
-0.091481
-0.089352
-0.087227
-0.085107
-0.082991
-0.08088
-0.078774
-0.076672
-0.074575
-0.072482
-0.070394
-0.06831
-0.06623
-0.064156
-0.062085
-0.060019
-0.057958
-0.0559
-0.053847
-0.051799
-0.049754
-0.047715
-0.045679
-0.043647
-0.04162
-0.039597
-0.037579
-0.035564
-0.033554
-0.031547
-0.029545
-0.027547
-0.025554
-0.023564
-0.021578
-0.019597
-0.017619
-0.015646
-0.013676
-0.01171
-0.0097488
-0.0077912
-0.0058375
-0.0038878
-0.0019419
0
0.0019381
0.0038723
0.0058026
0.0077291
0.0096518
0.011571
0.013486
0.015397
0.017305
0.019209
0.021109
0.023005
0.024898
0.026787
0.028672
0.030554
0.032432
0.034306
0.036177
0.038044
0.039908
0.041768
0.043624
0.045477
0.047326
0.049172
0.051015
0.052854
0.054689
0.056521
0.058349
0.060174
0.061996
0.063814
0.065629
0.06744
0.069248
0.071053
0.072854
0.074652
0.076447
0.078238
0.080026
0.081811
0.083592
0.085371
0.087145
0.088917
0.090686
0.092451
0.094213
0.095972
0.097727
0.09948
0.10123
0.10298
0.10472
0.10646
0.1082
0.10993
0.11166
0.11339
0.11511
0.11683
0.11855
0.12027
0.12198
0.12369
0.12539
0.1271
0.1288
0.13049
0.13219
0.13388
0.13557
0.13725
0.13894
0.14062
0.14229
0.14397
0.14564
0.14731
0.14897
0.15063
0.15229
0.15395
0.1556
0.15726
0.1589
0.16055
0.16219
0.16383
0.16547
0.1671
0.16873
0.17036
0.17199
0.17361
0.17523
0.17685
0.17847
0.18008
0.18169
0.1833
0.1849
0.1865
0.1881
0.1897
0.19129
0.19289
0.19447
0.19606
0.19764
0.19923
0.2008
0.20238
0.20395
0.20552
0.20709
0.20866
0.21022
0.21178
0.21334
0.2149
0.21645
0.218
0.21955
0.22109
0.22264
0.22418
0.22572
0.22725
0.22879
0.23032
0.23185
0.23337
0.2349
0.23642
0.23794
0.23945
0.24097
0.24248
0.24399
0.2455
0.247
0.24851
0.25001
0.2515
0.253
0.25449
0.25598
0.25747
0.25896
0.26044
0.26193
0.26341
0.26488
0.26636
0.26783
0.2693
0.27077
0.27224
0.2737
0.27516
0.27662
0.27808
0.27954
0.28099
0.28244
0.28389
0.28534
0.28678
0.28822
0.28966
0.2911
0.29254
0.29397
0.2954
0.29683
0.29826
0.29969
0.30111
0.30253
0.30395
0.30537
0.30678
0.30819
0.30961
0.31101
0.31242
0.31383
0.31523
0.31663
0.31803
0.31942
0.32082
0.32221
0.3236
0.32499
0.32638
0.32776
0.32915
0.33053
0.33191
0.33328
0.33466
0.33603
0.3374
0.33877
0.34014
0.3415
0.34287
0.34423
0.34559
0.34694
0.3483
0.34965
0.35101
0.35236
0.3537
0.35505
0.35639
0.35774
0.35908
0.36042
0.36175
0.36309
0.36442
0.36575
0.36708
0.36841
0.36974
0.37106
0.37238
0.3737
0.37502
0.37634
0.37766
0.37897
0.38028
0.38159
0.3829
0.38421
0.38551
0.38681
0.38811
0.38941
0.39071
0.39201
0.3933
0.39459
0.39588
0.39717
0.39846
0.39975
0.40103
0.40231
0.40359
0.40487
0.40615
0.40742
0.4087
0.40997
0.41124
0.41251
0.41378
0.41504
0.41631
0.41757
0.41883
0.42009
0.42135
0.4226
0.42385
0.42511
0.42636
0.42761
0.42885
0.4301
0.43135
0.43259
0.43383
0.43507
0.43631
0.43754
0.43878
0.44001
0.44124
0.44247
0.4437
0.44493
0.44615
0.44738
0.4486
0.44982
0.45104
0.45226
0.45348
0.45469
0.4559
0.45712
0.45833
0.45953
0.46074
0.46195
0.46315
0.46435
0.46556
0.46676
0.46795
0.46915
0.47035
0.47154
0.47273
0.47392
0.47511
0.4763
0.47749
0.47867
0.47986
0.48104
0.48222
0.4834
0.48458
0.48575
0.48693
0.4881
0.48927
0.49044
0.49161
0.49278
0.49395
0.49511
0.49628
0.49744
0.4986
0.49976
0.50092
0.50207
0.50323
0.50438
0.50554
0.50669
0.50784
0.50899
0.51013
0.51128
0.51242
0.51357
0.51471
0.51585
0.51699
0.51813
0.51926
0.5204
0.52153
0.52266
0.5238
0.52493
0.52605
0.52718
0.52831
0.52943
0.53056
0.53168
0.5328
0.53392
0.53504
0.53615
0.53727
0.53838
0.5395
0.54061
0.54172
0.54283
0.54394
0.54504
0.54615
0.54725
0.54835
0.54946
0.55056
0.55166
0.55275
0.55385
0.55495
0.55604
0.55713
0.55822
0.55931
0.5604
0.56149
0.56258
0.56366
0.56475
0.56583
0.56691
0.568
0.56907
0.57015
0.57123
0.57231
0.57338
0.57445
0.57553
0.5766
0.57767
0.57874
0.5798
0.58087
0.58194
0.583
0.58406
0.58513
0.58619
0.58725
0.5883
0.58936
0.59042
0.59147
0.59253
0.59358
0.59463
0.59568
0.59673
0.59778
0.59883
0.59987
0.60092
0.60196
0.603
0.60404
0.60508
0.60612
0.60716
0.6082
0.60923
0.61027
0.6113
0.61233
0.61336
0.6144
0.61542
0.61645
0.61748
0.61851
0.61953
0.62055
0.62158
0.6226
0.62362
0.62464
0.62566
0.62667
0.62769
0.62871
0.62972
0.63073
0.63174
0.63276
0.63377
0.63477
0.63578
0.63679
0.63779
0.6388
0.6398
0.64081
0.64181
0.64281
0.64381
0.64481
0.6458
0.6468
0.64779
0.64879
0.64978
0.65077
0.65177
0.65276
0.65375
0.65473
0.65572
0.65671
0.65769
0.65868
0.65966
0.66064
0.66162
0.6626
0.66358
0.66456
0.66554
0.66652
0.66749
0.66846
0.66944
0.67041
0.67138
0.67235
0.67332
0.67429
0.67526
0.67623
0.67719
0.67816
0.67912
0.68008
0.68104
0.682
0.68296
0.68392
0.68488
0.68584
0.68679
0.68775
0.6887
0.68966
0.69061
0.69156
0.69251
0.69346
0.69441
0.69536
0.6963
0.69725
0.6982
0.69914
0.70008
0.70102
0.70197
0.70291
0.70385
0.70478
0.70572
0.70666
0.70759
0.70853
0.70946
0.7104
0.71133
0.71226
0.71319
0.71412
0.71505
0.71598
0.7169
0.71783
0.71875
0.71968
0.7206
0.72153
0.72245
0.72337
0.72429
0.72521
0.72612
0.72704
0.72796
0.72887
0.72979
0.7307
0.73162
0.73253
0.73344
0.73435
0.73526
0.73617
0.73707
0.73798
0.73889
0.73979
0.7407
0.7416
0.7425
0.74341
0.74431
0.74521
0.74611
0.747
0.7479
0.7488
0.7497
0.75059
0.75149
0.75238
0.75327
0.75416
0.75505
0.75595
0.75683
0.75772
0.75861
0.7595
0.76038
0.76127
0.76215
0.76304
0.76392
0.7648
0.76569
0.76657
0.76745
0.76832
0.7692
0.77008
0.77096
0.77183
0.77271
0.77358
0.77446
0.77533
0.7762
0.77707
0.77794
0.77881
0.77968
0.78055
0.78142
0.78228
0.78315
0.78401
0.78488
0.78574
0.7866
0.78746
0.78833
0.78919
0.79005
0.7909
0.79176
0.79262
0.79348
0.79433
0.79519
0.79604
0.79689
0.79775
0.7986
0.79945
0.8003
0.80115
0.802
0.80285
0.8037
0.80454
0.80539
0.80623
0.80708
0.80792
0.80876
0.80961
0.81045
0.81129
0.81213
0.81297
0.81381
0.81465
0.81548
0.81632
0.81716
0.81799
0.81883
0.81966
0.82049
0.82132
0.82216
0.82299
0.82382
0.82465
0.82548
0.8263
0.82713
0.82796
0.82878
0.82961
0.83043
0.83126
0.83208
0.8329
0.83372
0.83454
0.83536
0.83618
0.837
0.83782
0.83864
0.83946
0.84027
0.84109
0.8419
0.84272
0.84353
0.84434
0.84515
0.84597
0.84678
0.84759
0.8484
0.8492
0.85001
0.85082
0.85163
0.85243
0.85324
0.85404
0.85485
0.85565
0.85645
0.85725
0.85806
0.85886
0.85966
0.86046
0.86125
0.86205
0.86285
0.86365
0.86444
0.86524
0.86603
0.86683
0.86762
0.86841
0.86921
0.87
0.87079
0.87158
0.87237
0.87316
0.87394
0.87473
0.87552
0.87631
0.87709
0.87788
0.87866
0.87945
0.88023
0.88101
0.88179
0.88257
0.88335
0.88413
0.88491
0.88569
0.88647
0.88725
0.88803
0.8888
0.88958
0.89035
0.89113
0.8919
0.89267
0.89345
0.89422
0.89499
0.89576
0.89653
0.8973
0.89807
0.89884
0.89961
0.90037
0.90114
0.90191
0.90267
0.90344
0.9042
0.90496
0.90573
0.90649
0.90725
0.90801
0.90877
0.90953
0.91029
0.91105
0.91181
0.91256
0.91332
0.91408
0.91483
0.91559
0.91634
0.9171
0.91785
0.9186
0.91936
0.92011
0.92086
0.92161
0.92236
0.92311
0.92386
0.92461
0.92535
0.9261
0.92685
0.92759
0.92834
0.92908
0.92983
0.93057
0.93131
0.93206
0.9328
0.93354
0.93428
0.93502
0.93576
0.9365
0.93724
0.93797
0.93871
0.93945
0.94018
0.94092
0.94166
0.94239
0.94312
0.94386
0.94459
0.94532
0.94605
0.94679
0.94752
0.94825
0.94898
0.94971
0.95043
0.95116
0.95189
0.95262
0.95334
0.95407
0.95479
0.95552
0.95624
0.95697
0.95769
0.95841
0.95913
0.95985
0.96058
0.9613
0.96202
0.96274
0.96345
0.96417
0.96489
0.96561
0.96632
0.96704
0.96776
0.96847
0.96919
0.9699
0.97061
0.97133
0.97204
0.97275
0.97346
0.97417
0.97488
0.97559
0.9763
0.97701
0.97772
0.97843
0.97913
0.97984
0.98055
0.98125
0.98196
0.98266
0.98337
0.98407
0.98477
0.98548
0.98618
0.98688
0.98758
0.98828
0.98898
0.98968
0.99038
0.99108
0.99178
0.99247
0.99317
0.99387
0.99456
0.99526
0.99596
0.99665
0.99734
0.99804
0.99873
0.99942
1.0001
1.0008
1.0015
1.0022
1.0029
1.0036
1.0043
1.0049
1.0056
1.0063
1.007
1.0077
1.0084
1.0091
1.0098
1.0104
1.0111
1.0118
1.0125
1.0132
1.0139
1.0145
1.0152
1.0159
1.0166
1.0173
1.0179
1.0186
1.0193
1.02
1.0207
1.0213
1.022
1.0227
1.0234
1.024
1.0247
1.0254
1.0261
1.0267
1.0274
1.0281
1.0287
1.0294
1.0301
1.0308
1.0314
1.0321
1.0328
1.0334
1.0341
1.0348
1.0354
1.0361
1.0368
1.0374
1.0381
1.0388
1.0394
1.0401
1.0408
1.0414
1.0421
1.0428
1.0434
1.0441
1.0447
1.0454
1.0461
1.0467
1.0474
1.048
1.0487
1.0494
1.05
1.0507
1.0513
1.052
1.0526
1.0533
1.0539
1.0546
1.0553
1.0559
1.0566
1.0572
1.0579
1.0585
1.0592
1.0598
1.0605
1.0611
1.0618
1.0624
1.0631
1.0637
1.0644
1.065
1.0657
1.0663
1.0669
1.0676
1.0682
1.0689
1.0695
1.0702
1.0708
1.0715
1.0721
1.0727
1.0734
1.074
1.0747
1.0753
1.0759
1.0766
1.0772
1.0779
1.0785
1.0791
1.0798
1.0804
1.0811
1.0817
1.0823
1.083
1.0836
1.0842
1.0849
1.0855
1.0861
1.0868
1.0874
1.088
1.0887
1.0893
1.0899
1.0906
1.0912
1.0918
1.0924
1.0931
1.0937
1.0943
1.095
1.0956
1.0962
1.0968
1.0975
1.0981
1.0987
1.0993
1.1
1.1006
1.1012
1.1018
1.1025
1.1031
1.1037
1.1043
1.1049
1.1056
1.1062
1.1068
1.1074
1.108
1.1087
1.1093
1.1099
1.1105
1.1111
1.1117
1.1124
1.113
1.1136
1.1142
1.1148
1.1154
1.1161
1.1167
1.1173
1.1179
1.1185
1.1191
1.1197
1.1203
1.121
1.1216
1.1222
1.1228
1.1234
1.124
1.1246
1.1252
1.1258
1.1264
1.127
1.1276
1.1283
1.1289
1.1295
1.1301
1.1307
1.1313
1.1319
1.1325
1.1331
1.1337
1.1343
1.1349
1.1355
1.1361
1.1367
1.1373
1.1379
1.1385
1.1391
1.1397
1.1403
1.1409
1.1415
1.1421
1.1427
1.1433
1.1439
1.1445
1.1451
1.1457
1.1463
1.1469
1.1475
1.1481
1.1487
1.1492
1.1498
1.1504
1.151
1.1516
1.1522
1.1528
1.1534
1.154
1.1546
1.1552
1.1558
1.1563
1.1569
1.1575
1.1581
1.1587
1.1593
1.1599
1.1605
1.161
1.1616
1.1622
1.1628
1.1634
1.164
1.1646
1.1651
1.1657
1.1663
1.1669
1.1675
1.168
1.1686
1.1692
1.1698
1.1704
1.171
1.1715
1.1721
1.1727
1.1733
1.1738
1.1744
1.175
1.1756
1.1762
1.1767
1.1773
1.1779
1.1785
1.179
1.1796
1.1802
1.1808
1.1813
1.1819
1.1825
1.1831
1.1836
1.1842
1.1848
1.1853
1.1859
1.1865
1.1871
1.1876
1.1882
1.1888
1.1893
1.1899
1.1905
1.191
1.1916
1.1922
1.1928
1.1933
1.1939
1.1945
1.195
1.1956
1.1961
1.1967
1.1973
1.1978
1.1984
1.199
1.1995
1.2001
1.2007
1.2012
1.2018
1.2023
1.2029
1.2035
1.204
1.2046
1.2052
1.2057
1.2063
1.2068
1.2074
1.2079
1.2085
1.2091
1.2096
1.2102
1.2107
1.2113
1.2118
1.2124
1.213
1.2135
1.2141
1.2146
1.2152
1.2157
1.2163
1.2168
1.2174
1.2179
1.2185
1.2191
1.2196
1.2202
1.2207
1.2213
1.2218
1.2224
1.2229
1.2235
1.224
1.2246
1.2251
1.2257
1.2262
1.2268
1.2273
1.2278
1.2284
1.2289
1.2295
1.23
1.2306
1.2311
1.2317
1.2322
1.2328
1.2333
1.2338
1.2344
1.2349
1.2355
1.236
1.2366
1.2371
1.2376
1.2382
1.2387
1.2393
1.2398
1.2403
1.2409
1.2414
1.242
1.2425
1.243
1.2436
1.2441
1.2447
1.2452
1.2457
1.2463
1.2468
1.2473
1.2479
1.2484
1.249
1.2495
1.25
1.2506
1.2511
1.2516
1.2522
1.2527
1.2532
1.2538
1.2543
1.2548
1.2554
1.2559
1.2564
1.2569
1.2575
1.258
1.2585
1.2591
1.2596
1.2601
1.2607
1.2612
1.2617
1.2622
1.2628
1.2633
1.2638
1.2644
1.2649
1.2654
1.2659
1.2665
1.267
1.2675
1.268
1.2686
1.2691
1.2696
1.2701
1.2707
1.2712
1.2717
1.2722
1.2727
1.2733
1.2738
1.2743
1.2748
1.2754
1.2759
1.2764
1.2769
1.2774
1.278
1.2785
1.279
1.2795
1.28
1.2805
1.2811
1.2816
1.2821
1.2826
1.2831
1.2837
1.2842
1.2847
1.2852
1.2857
1.2862
1.2867
1.2873
1.2878
1.2883
1.2888
1.2893
1.2898
1.2903
1.2909
1.2914
1.2919
1.2924
1.2929
1.2934
1.2939
1.2944
1.295
1.2955
1.296
1.2965
1.297
1.2975
1.298
1.2985
1.299
1.2995
1.3
1.3006
1.3011
1.3016
1.3021
1.3026
1.3031
1.3036
1.3041
1.3046
1.3051
1.3056
1.3061
1.3066
1.3071
1.3076
1.3081
1.3086
1.3091
1.3096
1.3101
1.3106
1.3112
1.3117
1.3122
1.3127
1.3132
1.3137
1.3142
1.3147
1.3152
1.3157
1.3162
1.3167
1.3172
1.3177
1.3182
1.3187
1.3192
1.3196
1.3201
1.3206
1.3211
1.3216
1.3221
1.3226
1.3231
1.3236
1.3241
1.3246
1.3251
1.3256
1.3261
1.3266
1.3271
1.3276
1.3281
1.3286
1.3291
1.3296
1.33
1.3305
1.331
1.3315
1.332
1.3325
1.333
1.3335
1.334
1.3345
1.335
1.3354
1.3359
1.3364
1.3369
1.3374
1.3379
1.3384
1.3389
1.3394
1.3398
1.3403
1.3408
1.3413
1.3418
1.3423
1.3428
1.3432
1.3437
1.3442
1.3447
1.3452
1.3457
1.3462
1.3466
1.3471
1.3476
1.3481
1.3486
1.3491
1.3495
1.35
1.3505
1.351
1.3515
1.352
1.3524
1.3529
1.3534
1.3539
1.3544
1.3548
1.3553
1.3558
1.3563
1.3568
1.3572
1.3577
1.3582
1.3587
1.3591
1.3596
1.3601
1.3606
1.3611
1.3615
1.362
1.3625
1.363
1.3634
1.3639
1.3644
1.3649
1.3653
1.3658
1.3663
1.3668
1.3672
1.3677
1.3682
1.3687
1.3691
1.3696
1.3701
1.3705
1.371
1.3715
1.372
1.3724
1.3729
1.3734
1.3738
1.3743
1.3748
1.3753
1.3757
1.3762
1.3767
1.3771
1.3776
1.3781
1.3785
1.379
1.3795
1.3799
1.3804
1.3809
1.3813
1.3818
1.3823
1.3827
1.3832
1.3837
1.3841
1.3846
1.3851
1.3855
1.386
1.3865
1.3869
1.3874
1.3879
1.3883
1.3888
1.3893
1.3897
1.3902
1.3906
1.3911
1.3916
1.392
1.3925
1.393
1.3934
1.3939
1.3943
1.3948
1.3953
1.3957
1.3962
1.3966
1.3971
1.3976
1.398
1.3985
1.3989
1.3994
1.3999
1.4003
1.4008
1.4012
1.4017
1.4021
1.4026
1.4031
1.4035
1.404
1.4044
1.4049
1.4053
1.4058
1.4062
1.4067
1.4072
1.4076
1.4081
1.4085
1.409
1.4094
1.4099
1.4103
1.4108
1.4112
1.4117
1.4121
1.4126
1.4131
1.4135
1.414
1.4144
1.4149
1.4153
1.4158
1.4162
1.4167
1.4171
1.4176
1.418
1.4185
1.4189
1.4194
1.4198
1.4203
1.4207
1.4212
1.4216
1.422
1.4225
1.4229
1.4234
1.4238
1.4243
1.4247
1.4252
1.4256
1.4261
1.4265
1.427
1.4274
1.4279
1.4283
1.4287
1.4292
1.4296
1.4301
1.4305
1.431
1.4314
1.4319
1.4323
1.4327
1.4332
1.4336
1.4341
1.4345
1.4349
1.4354
1.4358
1.4363
1.4367
1.4372
1.4376
1.438
1.4385
1.4389
1.4394
1.4398
1.4402
1.4407
1.4411
1.4416
1.442
1.4424
1.4429
1.4433
1.4437
1.4442
1.4446
1.4451
1.4455
1.4459
1.4464
1.4468
1.4472
1.4477
1.4481
1.4486
1.449
1.4494
1.4499
1.4503
1.4507
1.4512
1.4516
1.452
1.4525
1.4529
1.4533
1.4538
1.4542
1.4546
1.4551
1.4555
1.4559
1.4564
1.4568
1.4572
1.4577
1.4581
1.4585
1.459
1.4594
1.4598
1.4602
1.4607
1.4611
1.4615
1.462
1.4624
1.4628
1.4633
1.4637
1.4641
1.4645
1.465
1.4654
1.4658
1.4663
1.4667
1.4671
1.4675
1.468
1.4684
1.4688
1.4692
1.4697
1.4701
1.4705
1.471
1.4714
1.4718
1.4722
1.4727
1.4731
1.4735
1.4739
1.4744
1.4748
1.4752
1.4756
1.476
1.4765
1.4769
1.4773
1.4777
1.4782
1.4786
1.479
1.4794
1.4799
1.4803
1.4807
1.4811
1.4815
1.482
1.4824
1.4828
1.4832
1.4836
1.4841
1.4845
1.4849
1.4853
1.4857
1.4862
1.4866
1.487
1.4874
1.4878
1.4883
1.4887
1.4891
1.4895
1.4899
1.4903
1.4908
1.4912
1.4916
1.492
1.4924
1.4928
1.4933
1.4937
1.4941
1.4945
1.4949
1.4953
1.4958
1.4962
1.4966
1.497
1.4974
1.4978
1.4982
1.4987
1.4991
1.4995
1.4999
1.5003
1.5007
1.5011
1.5015
1.502
1.5024
1.5028
1.5032
1.5036
1.504
1.5044
1.5048
1.5053
1.5057
1.5061
1.5065
1.5069
1.5073
1.5077
1.5081
1.5085
1.5089
1.5094
1.5098
1.5102
1.5106
1.511
1.5114
1.5118
1.5122
1.5126
1.513
1.5134
1.5138
1.5143
1.5147
1.5151
1.5155
1.5159
1.5163
1.5167
1.5171
1.5175
1.5179
1.5183
1.5187
1.5191
1.5195
1.5199
1.5203
1.5207
1.5212
1.5216
1.522
1.5224
1.5228
1.5232
1.5236
1.524
1.5244
1.5248
1.5252
1.5256
1.526
1.5264
1.5268
1.5272
1.5276
1.528
1.5284
1.5288
1.5292
1.5296
1.53
1.5304
1.5308
1.5312
1.5316
1.532
1.5324
1.5328
1.5332
1.5336
1.534
1.5344
1.5348
1.5352
1.5356
1.536
1.5364
1.5368
1.5372
1.5376
1.538
1.5384
1.5388
1.5392
1.5396
1.54
1.5404
1.5408
1.5412
1.5416
1.542
1.5423
1.5427
1.5431
1.5435
1.5439
1.5443
1.5447
1.5451
1.5455
1.5459
1.5463
1.5467
1.5471
1.5475
1.5479
1.5483
1.5487
1.5491
1.5494
1.5498
1.5502
1.5506
1.551
1.5514
1.5518
1.5522
1.5526
1.553
1.5534
1.5538
1.5541
1.5545
1.5549
1.5553
1.5557
1.5561
1.5565
1.5569
1.5573
1.5577
1.558
1.5584
1.5588
1.5592
1.5596
1.56
1.5604
1.5608
1.5612
1.5615
1.5619
1.5623
1.5627
1.5631
1.5635
1.5639
1.5643
1.5646
1.565
1.5654
1.5658
1.5662
1.5666
1.567
1.5673
1.5677
1.5681
1.5685
1.5689
1.5693
1.5697
1.57
1.5704
1.5708
1.5712
1.5716
1.572
1.5723
1.5727
1.5731
1.5735
1.5739
1.5743
1.5746
1.575
1.5754
1.5758
1.5762
1.5766
1.5769
1.5773
1.5777
1.5781
1.5785
1.5788
1.5792
1.5796
1.58
1.5804
1.5807
1.5811
1.5815
1.5819
1.5823
1.5826
1.583
1.5834
1.5838
1.5842
1.5845
1.5849
1.5853
1.5857
1.5861
1.5864
1.5868
1.5872
1.5876
1.5879
1.5883
1.5887
1.5891
1.5895
1.5898
1.5902
1.5906
1.591
1.5913
1.5917
1.5921
1.5925
1.5928
1.5932
1.5936
1.594
1.5943
1.5947
1.5951
1.5955
1.5958
1.5962
1.5966
1.597
1.5973
1.5977
1.5981
1.5985
1.5988
1.5992
1.5996
1.5999
1.6003
1.6007
1.6011
1.6014
1.6018
1.6022
1.6026
1.6029
1.6033
1.6037
1.604
1.6044
1.6048
1.6051
1.6055
1.6059
1.6063
1.6066
1.607
1.6074
1.6077
1.6081
1.6085
1.6089
1.6092
1.6096
1.61
1.6103
1.6107
1.6111
1.6114
1.6118
1.6122
1.6125
1.6129
1.6133
1.6136
1.614
1.6144
1.6147
1.6151
1.6155
1.6158
1.6162
1.6166
1.6169
1.6173
1.6177
1.618
1.6184
1.6188
1.6191
1.6195
1.6199
1.6202
1.6206
1.621
1.6213
1.6217
1.6221
1.6224
1.6228
1.6232
1.6235
1.6239
1.6242
1.6246
1.625
1.6253
1.6257
1.6261
1.6264
1.6268
1.6271
1.6275
1.6279
1.6282
1.6286
1.629
1.6293
1.6297
1.63
1.6304
1.6308
1.6311
1.6315
1.6318
1.6322
1.6326
1.6329
1.6333
1.6336
1.634
1.6344
1.6347
1.6351
1.6354
1.6358
1.6362
1.6365
1.6369
1.6372
1.6376
1.638
1.6383
1.6387
1.639
1.6394
1.6398
1.6401
1.6405
1.6408
1.6412
1.6415
1.6419
1.6423
1.6426
1.643
1.6433
1.6437
1.644
1.6444
1.6447
1.6451
1.6455
1.6458
1.6462
1.6465
1.6469
1.6472
1.6476
1.6479
1.6483
1.6487
1.649
1.6494
1.6497
1.6501
1.6504
1.6508
1.6511
1.6515
1.6518
1.6522
1.6525
1.6529
1.6533
1.6536
1.654
1.6543
1.6547
1.655
1.6554
1.6557
1.6561
1.6564
1.6568
1.6571
1.6575
1.6578
1.6582
1.6585
1.6589
1.6592
1.6596
1.6599
1.6603
1.6606
1.661
1.6613
1.6617
1.662
1.6624
1.6627
1.6631
1.6634
1.6638
1.6641
1.6645
1.6648
1.6652
1.6655
1.6659
1.6662
1.6666
1.6669
1.6673
1.6676
1.668
1.6683
1.6687
1.669
1.6693
1.6697
1.67
1.6704
1.6707
1.6711
1.6714
1.6718
1.6721
1.6725
1.6728
1.6732
1.6735
1.6739
1.6742
1.6745
1.6749
1.6752
1.6756
1.6759
1.6763
1.6766
1.677
1.6773
1.6776
1.678
1.6783
1.6787
1.679
1.6794
1.6797
1.68
1.6804
1.6807
1.6811
1.6814
1.6818
1.6821
1.6824
1.6828
1.6831
1.6835
1.6838
1.6842
1.6845
1.6848
1.6852
1.6855
1.6859
1.6862
1.6865
1.6869
1.6872
1.6876
1.6879
1.6883
1.6886
1.6889
1.6893
1.6896
1.69
1.6903
1.6906
1.691
1.6913
1.6916
1.692
1.6923
1.6927
1.693
1.6933
1.6937
1.694
1.6944
1.6947
1.695
1.6954
1.6957
1.696
1.6964
1.6967
1.6971
1.6974
1.6977
1.6981
1.6984
1.6987
1.6991
1.6994
1.6998
1.7001
1.7004
1.7008
1.7011
1.7014
1.7018
1.7021
1.7024
1.7028
1.7031
1.7034
1.7038
1.7041
1.7045
1.7048
1.7051
1.7055
1.7058
1.7061
1.7065
1.7068
1.7071
1.7075
1.7078
1.7081
1.7085
1.7088
1.7091
1.7095
1.7098
1.7101
1.7105
1.7108
1.7111
1.7115
1.7118
1.7121
1.7125
1.7128
1.7131
1.7134
1.7138
1.7141
1.7144
1.7148
1.7151
1.7154
1.7158
1.7161
1.7164
1.7168
1.7171
1.7174
1.7177
1.7181
1.7184
1.7187
1.7191
1.7194
1.7197
1.7201
1.7204
1.7207
1.721
1.7214
1.7217
1.722
1.7224
1.7227
1.723
1.7233
1.7237
1.724
1.7243
1.7247
1.725
1.7253
1.7256
1.726
1.7263
1.7266
1.727
1.7273
1.7276
1.7279
1.7283
1.7286
1.7289
1.7292
1.7296
1.7299
1.7302
1.7305
1.7309
1.7312
1.7315
1.7318
1.7322
1.7325
1.7328
1.7331
1.7335
1.7338
1.7341
1.7344
1.7348
1.7351
1.7354
1.7357
1.7361
1.7364
1.7367
1.737
1.7374
1.7377
1.738
1.7383
1.7387
1.739
1.7393
1.7396
1.7399
1.7403
1.7406
1.7409
1.7412
1.7416
1.7419
1.7422
1.7425
1.7428
1.7432
1.7435
1.7438
1.7441
1.7445
1.7448
1.7451
1.7454
1.7457
1.7461
1.7464
1.7467
1.747
1.7473
1.7477
1.748
1.7483
1.7486
1.7489
1.7493
1.7496
1.7499
1.7502
1.7505
1.7509
1.7512
1.7515
1.7518
1.7521
1.7524
1.7528
1.7531
1.7534
1.7537
1.754
1.7544
1.7547
1.755
1.7553
1.7556
1.7559
1.7563
1.7566
1.7569
1.7572
1.7575
1.7578
1.7582
1.7585
1.7588
1.7591
1.7594
1.7597
1.7601
1.7604
1.7607
1.761
1.7613
1.7616
1.762
1.7623
1.7626
1.7629
1.7632
1.7635
1.7638
1.7642
1.7645
1.7648
1.7651
1.7654
1.7657
1.7661
1.7664
1.7667
1.767
1.7673
1.7676
1.7679
1.7682
1.7686
1.7689
1.7692
1.7695
1.7698
1.7701
1.7704
1.7708
1.7711
1.7714
1.7717
1.772
1.7723
1.7726
1.7729
1.7732
1.7736
1.7739
1.7742
1.7745
1.7748
1.7751
1.7754
1.7757
1.7761
1.7764
1.7767
1.777
1.7773
1.7776
1.7779
1.7782
1.7785
1.7788
1.7792
1.7795
1.7798
1.7801
1.7804
1.7807
1.781
1.7813
1.7816
1.7819
1.7822
1.7826
1.7829
1.7832
1.7835
1.7838
1.7841
1.7844
1.7847
1.785
1.7853
1.7856
1.7859
1.7863
1.7866
1.7869
1.7872
1.7875
1.7878
1.7881
1.7884
1.7887
1.789
1.7893
1.7896
1.7899
1.7902
1.7906
1.7909
1.7912
1.7915
1.7918
1.7921
1.7924
1.7927
1.793
1.7933
1.7936
1.7939
1.7942
1.7945
1.7948
1.7951
1.7954
1.7957
1.7961
1.7964
1.7967
1.797
1.7973
1.7976
1.7979
1.7982
1.7985
1.7988
1.7991
1.7994
1.7997
1.8
1.8003
1.8006
1.8009
1.8012
1.8015
1.8018
1.8021
1.8024
1.8027
1.803
1.8033
1.8036
1.8039
1.8042
1.8045
1.8048
1.8051
1.8054
1.8057
1.8061
1.8064
1.8067
1.807
1.8073
1.8076
1.8079
1.8082
1.8085
1.8088
1.8091
1.8094
1.8097
1.81
1.8103
1.8106
1.8109
1.8112
1.8115
1.8118
1.8121
1.8124
1.8127
1.813
1.8133
1.8136
1.8139
1.8142
1.8145
1.8148
1.8151
1.8153
1.8156
1.8159
1.8162
1.8165
1.8168
1.8171
1.8174
1.8177
1.818
1.8183
1.8186
1.8189
1.8192
1.8195
1.8198
1.8201
1.8204
1.8207
1.821
1.8213
1.8216
1.8219
1.8222
1.8225
1.8228
1.8231
1.8234
1.8237
1.824
1.8243
1.8246
1.8249
1.8252
1.8254
1.8257
1.826
1.8263
1.8266
1.8269
1.8272
1.8275
1.8278
1.8281
1.8284
1.8287
1.829
1.8293
1.8296
1.8299
1.8302
1.8305
1.8308
1.831
1.8313
1.8316
1.8319
1.8322
1.8325
1.8328
1.8331
1.8334
1.8337
1.834
1.8343
1.8346
1.8349
1.8351
1.8354
1.8357
1.836
1.8363
1.8366
1.8369
1.8372
1.8375
1.8378
1.8381
1.8384
1.8387
1.8389
1.8392
1.8395
1.8398
1.8401
1.8404
1.8407
1.841
1.8413
1.8416
1.8419
1.8421
1.8424
1.8427
1.843
1.8433
1.8436
1.8439
1.8442
1.8445
1.8448
1.845
1.8453
1.8456
1.8459
1.8462
1.8465
1.8468
1.8471
1.8474
1.8476
1.8479
1.8482
1.8485
1.8488
1.8491
1.8494
1.8497
1.85
1.8502
1.8505
1.8508
1.8511
1.8514
1.8517
1.852
1.8523
1.8525
1.8528
1.8531
1.8534
1.8537
1.854
1.8543
1.8546
1.8548
1.8551
1.8554
1.8557
1.856
1.8563
1.8566
1.8568
1.8571
1.8574
1.8577
1.858
1.8583
1.8586
1.8588
1.8591
1.8594
1.8597
1.86
1.8603
1.8606
1.8608
1.8611
1.8614
1.8617
1.862
1.8623
1.8625
1.8628
1.8631
1.8634
1.8637
1.864
1.8643
1.8645
1.8648
1.8651
1.8654
1.8657
1.866
1.8662
1.8665
1.8668
1.8671
1.8674
1.8677
1.8679
1.8682
1.8685
1.8688
1.8691
1.8693
1.8696
1.8699
1.8702
1.8705
1.8708
1.871
1.8713
1.8716
1.8719
1.8722
1.8725
1.8727
1.873
1.8733
1.8736
1.8739
1.8741
1.8744
1.8747
1.875
1.8753
1.8755
1.8758
1.8761
1.8764
1.8767
1.8769
1.8772
1.8775
1.8778
1.8781
1.8783
1.8786
1.8789
1.8792
1.8795
1.8797
1.88
1.8803
1.8806
1.8809
1.8811
1.8814
1.8817
1.882
1.8823
1.8825
1.8828
1.8831
1.8834
1.8836
1.8839
1.8842
1.8845
1.8848
1.885
1.8853
1.8856
1.8859
1.8861
1.8864
1.8867
1.887
1.8873
1.8875
1.8878
1.8881
1.8884
1.8886
1.8889
1.8892
1.8895
1.8897
1.89
1.8903
1.8906
1.8909
1.8911
1.8914
1.8917
1.892
1.8922
1.8925
1.8928
1.8931
1.8933
1.8936
1.8939
1.8942
1.8944
1.8947
1.895
1.8953
1.8955
1.8958
1.8961
1.8964
1.8966
1.8969
1.8972
1.8975
1.8977
1.898
1.8983
1.8986
1.8988
1.8991
1.8994
1.8997
1.8999
1.9002
1.9005
1.9007
1.901
1.9013
1.9016
1.9018
1.9021
1.9024
1.9027
1.9029
1.9032
1.9035
1.9037
1.904
1.9043
1.9046
1.9048
1.9051
1.9054
1.9057
1.9059
1.9062
1.9065
1.9067
1.907
1.9073
1.9076
1.9078
1.9081
1.9084
1.9086
1.9089
1.9092
1.9095
1.9097
1.91
1.9103
1.9105
1.9108
1.9111
1.9113
1.9116
1.9119
1.9122
1.9124
1.9127
1.913
1.9132
1.9135
1.9138
1.914
1.9143
1.9146
1.9149
1.9151
1.9154
1.9157
1.9159
1.9162
1.9165
1.9167
1.917
1.9173
1.9175
1.9178
1.9181
1.9184
1.9186
1.9189
1.9192
1.9194
1.9197
1.92
1.9202
1.9205
1.9208
1.921
1.9213
1.9216
1.9218
1.9221
1.9224
1.9226
1.9229
1.9232
1.9234
1.9237
1.924
1.9242
1.9245
1.9248
1.925
1.9253
1.9256
1.9258
1.9261
1.9264
1.9266
1.9269
1.9272
1.9274
1.9277
1.928
1.9282
1.9285
1.9288
1.929
1.9293
1.9296
1.9298
1.9301
1.9304
1.9306
1.9309
1.9312
1.9314
1.9317
1.932
1.9322
1.9325
1.9327
1.933
1.9333
1.9335
1.9338
1.9341
1.9343
1.9346
1.9349
1.9351
1.9354
1.9357
1.9359
1.9362
1.9364
1.9367
1.937
1.9372
1.9375
1.9378
1.938
1.9383
1.9385
1.9388
1.9391
1.9393
1.9396
1.9399
1.9401
1.9404
1.9406
1.9409
1.9412
1.9414
1.9417
1.942
1.9422
1.9425
1.9427
1.943
1.9433
1.9435
1.9438
1.9441
1.9443
1.9446
1.9448
1.9451
1.9454
1.9456
1.9459
1.9461
1.9464
1.9467
1.9469
1.9472
1.9474
1.9477
1.948
1.9482
1.9485
1.9487
1.949
1.9493
1.9495
1.9498
1.95
1.9503
1.9506
1.9508
1.9511
1.9513
1.9516
1.9519
1.9521
1.9524
1.9526
1.9529
1.9532
1.9534
1.9537
1.9539
1.9542
1.9545
1.9547
1.955
1.9552
1.9555
1.9557
1.956
1.9563
1.9565
1.9568
1.957
1.9573
1.9576
1.9578
1.9581
1.9583
1.9586
1.9588
1.9591
1.9594
1.9596
1.9599
1.9601
1.9604
1.9606
1.9609
1.9612
1.9614
1.9617
1.9619
1.9622
1.9624
1.9627
1.963
1.9632
1.9635
1.9637
1.964
1.9642
1.9645
1.9647
1.965
1.9653
1.9655
1.9658
1.966
1.9663
1.9665
1.9668
1.967
1.9673
1.9676
1.9678
1.9681
1.9683
1.9686
1.9688
1.9691
1.9693
1.9696
1.9699
1.9701
1.9704
1.9706
1.9709
1.9711
1.9714
1.9716
1.9719
1.9721
1.9724
1.9726
1.9729
1.9732
1.9734
1.9737
1.9739
1.9742
1.9744
1.9747
1.9749
1.9752
1.9754
1.9757
1.9759
1.9762
1.9765
1.9767
1.977
1.9772
1.9775
1.9777
1.978
1.9782
1.9785
1.9787
1.979
1.9792
1.9795
1.9797
1.98
1.9802
1.9805
1.9807
1.981
1.9812
1.9815
1.9817
1.982
1.9822
1.9825
1.9828
1.983
1.9833
1.9835
1.9838
1.984
1.9843
1.9845
1.9848
1.985
1.9853
1.9855
1.9858
1.986
1.9863
1.9865
1.9868
1.987
1.9873
1.9875
1.9878
1.988
1.9883
1.9885
1.9888
1.989
1.9893
1.9895
1.9898
1.99
1.9903
1.9905
1.9908
1.991
1.9913
1.9915
1.9918
1.992
1.9923
1.9925
1.9927
1.993
1.9932
1.9935
1.9937
1.994
1.9942
1.9945
1.9947
1.995
1.9952
1.9955
1.9957
1.996
1.9962
1.9965
1.9967
1.997
1.9972
1.9975
1.9977
1.998
1.9982
1.9985
1.9987
1.9989
1.9992
1.9994
1.9997
1.9999
2.0002
2.0004
2.0007
2.0009
2.0012
2.0014
2.0017
2.0019
2.0022
2.0024
2.0026
2.0029
2.0031
2.0034
2.0036
2.0039
2.0041
2.0044
2.0046
2.0049
2.0051
2.0053
2.0056
2.0058
2.0061
2.0063
2.0066
2.0068
2.0071
2.0073
2.0076
2.0078
2.008
2.0083
2.0085
2.0088
2.009
2.0093
2.0095
2.0098
2.01
2.0102
2.0105
2.0107
2.011
2.0112
2.0115
2.0117
2.012
2.0122
2.0124
2.0127
2.0129
2.0132
2.0134
2.0137
2.0139
2.0141
2.0144
2.0146
2.0149
2.0151
2.0154
2.0156
2.0158
2.0161
2.0163
2.0166
2.0168
2.0171
